0.839680     0.846517     0.851565     0.855194     0.857696     0.859277     0.860061     0.860087     0.859312     0.857613     0.854785     0.850549     0.844552     0.836375     0.825535     0.811502     0.793723     0.771672     0.744933     0.713336     0.677127     0.637137     0.594863     0.552349     0.511878     0.475543     0.444922     0.420961     0.404058     0.394266     0.391495     0.395648     0.406665     0.424468     0.448831     0.479189     0.514469     0.553035     0.592801     0.631525     0.667155     0.698085     0.723232     0.741966     0.753947     0.758975     0.756866     0.747400     0.730322     0.705440     0.672812     0.633022     0.587467     0.538484     0.489122     0.442545     0.401340     0.367082     0.340325     0.320905     0.308323     0.302082     0.301892     0.307773     0.320057     0.339293     0.366037     0.400514     0.442219     0.489594     0.540033     0.590326     0.637399     0.678934     0.713613     0.740986     0.761178     0.774601     0.781762     0.783159     0.779254     0.770483     0.757297     0.740218     0.719895     0.697150     0.672995     0.648607     0.625257     0.604217     0.586661     0.573592     0.565793     0.563805     0.567908     0.578092     0.594020     0.614992     0.639951     0.667555     0.696319     0.724803     0.751773     0.776302     0.797784     0.815886     0.830471     0.841516     0.849048     0.853094     0.853649     0.850657     0.844001     0.833505     0.818952     0.800117     0.776829     0.749067     0.717091     0.681567     0.643651     0.604951     0.567341     0.532660     0.502434     0.477715     0.459080     0.446749     
0.846517     0.854646     0.860719     0.865116     0.868129     0.869966     0.870748     0.870516     0.869226     0.866756     0.862902     0.857378     0.849820     0.839782     0.826746     0.810127     0.789309     0.763703     0.732859     0.696646     0.655472     0.610483     0.563609     0.517335     0.474229     0.436417     0.405267     0.381375     0.364777     0.355234     0.352473     0.356337     0.366827     0.384052     0.408069     0.438665     0.475101     0.515937     0.559067     0.601994     0.642268     0.677890     0.707490     0.730301     0.745974     0.754389     0.755491     0.749207     0.735427     0.714071     0.685235     0.649418     0.607777     0.562272     0.515556     0.470548     0.429839     0.395243     0.367668     0.347299     0.333914     0.327193     0.326934     0.333158     0.346117     0.366188     0.393654     0.428395     0.469545     0.515303     0.563046     0.609811     0.652910     0.690401     0.721205     0.744959     0.761752     0.771896     0.775770     0.773747     0.766175     0.753407     0.735857     0.714069     0.688793     0.661027     0.632013     0.603172     0.575978     0.551829     0.531936     0.517268     0.508548     0.506278     0.510750     0.522028     0.539884     0.563709     0.592456     0.624659     0.658571     0.692402     0.724567     0.753855     0.779485     0.801049     0.818408     0.831575     0.840630     0.845643     0.846640     0.843572     0.836309     0.824638     0.808287     0.786967     0.760460     0.728751     0.692203     0.651726     0.608863     0.565678     0.524441     0.487202     0.455465     0.430071     0.411300     0.399087     
0.851565     0.860719     0.867595     0.872584     0.875984     0.878004     0.878767     0.878311     0.876594     0.873490     0.868790     0.862198     0.853332     0.841718     0.826793     0.807920     0.784419     0.755644     0.721131     0.680817     0.635314     0.586128     0.535638     0.486723     0.442124     0.403872     0.373027     0.349804     0.333892     0.324795     0.322091     0.325573     0.335298     0.351524     0.374570     0.404569     0.441158     0.483207     0.528717     0.575044     0.619387     0.659328     0.693164     0.719938     0.739263     0.751079     0.755459     0.752478     0.742179     0.724604     0.699909     0.668534     0.631421     0.590162     0.546978     0.504449     0.465062     0.430782     0.402844     0.381806     0.367771     0.360642     0.360330     0.366862     0.380380     0.401041     0.428807     0.463176     0.502947     0.546150     0.590261     0.632647     0.671057     0.703917     0.730361     0.750081     0.763106     0.769627     0.769880     0.764094     0.752498     0.735367     0.713097     0.686302     0.655896     0.623127     0.589524     0.556762     0.526474     0.500080     0.478698     0.463134     0.453953     0.451553     0.456217     0.468106     0.487173     0.513021     0.544757     0.580925     0.619598     0.658638     0.696050     0.730258     0.760232     0.785444     0.805732     0.821145     0.831818     0.837875     0.839379     0.836295     0.828482     0.815691     0.797595     0.773846     0.744187     0.708634     0.667702     0.622619     0.575383     0.528542     0.484709     0.446026     0.413832     0.388647     0.370396     0.358712     
0.855194     0.865116     0.872584     0.878001     0.881672     0.883808     0.884532     0.883884     0.881818     0.878203     0.872825     0.865375     0.855450     0.842548     0.826066     0.805313     0.779553     0.748100     0.710488     0.666744     0.617709     0.565249     0.512153     0.461602     0.416404     0.378402     0.348324     0.326032     0.310925     0.302310     0.299655     0.302721     0.311600     0.326667     0.348447     0.377370     0.413439     0.455869     0.502870     0.551761     0.599470     0.643187     0.680858     0.711308     0.734080     0.749162     0.756736     0.757025     0.750222     0.736498     0.716084     0.689400     0.657221     0.620820     0.582000     0.542950     0.505934     0.472942     0.445439     0.424317     0.410009     0.402664     0.402326     0.409023     0.422774     0.443486     0.470788     0.503831     0.541166     0.580784     0.620371     0.657688     0.690905     0.718768     0.740572     0.756022     0.765064     0.767748     0.764157     0.754374     0.738510     0.716779     0.689602     0.657724     0.622306     0.584919     0.547413     0.511684     0.479418     0.451923     0.430081     0.414432     0.405309     0.402966     0.407665     0.419668     0.439150     0.466009     0.499640     0.538753     0.581372     0.625078     0.667446     0.706465     0.740778     0.769676     0.792944     0.810653     0.822991     0.830143     0.832213     0.829187     0.820917     0.807124     0.787432     0.761439     0.728866     0.689787     0.644914     0.595840     0.545047     0.495533     0.450158     0.411023     0.379195     0.354826     0.337491     0.326555     
0.857696     0.868129     0.875984     0.881672     0.885502     0.887689     0.888357     0.887543     0.885199     0.881191     0.875296     0.867193     0.856462     0.842574     0.824890     0.802678     0.775157     0.741610     0.701585     0.655206     0.603528     0.548735     0.493944     0.442535     0.397297     0.359862     0.330661     0.309273     0.294886     0.286669     0.284017     0.286669     0.294743     0.308695     0.329196     0.356909     0.392144     0.434444     0.482264     0.532974     0.583318     0.630161     0.671118     0.704796     0.730658     0.748719     0.759261     0.762640     0.759187     0.749204     0.733006     0.711023     0.683923     0.652731     0.618889     0.584193     0.550611     0.520017     0.493971     0.473593     0.459588     0.452335     0.452005     0.458628     0.472095     0.492080     0.517929     0.548545     0.582368     0.617486     0.651880     0.683705     0.711496     0.734243     0.751341     0.762467     0.767463     0.766234     0.758705     0.744816     0.724578     0.698171     0.666095     0.629306     0.589292     0.547999     0.507583     0.470070     0.437064     0.409616     0.388274     0.373256     0.364641     0.362538     0.367179     0.378922     0.398158     0.425104     0.459518     0.500407     0.545897     0.593405     0.640116     0.683554     0.721972     0.754420     0.780587     0.800547     0.814537     0.822798     0.825481     0.822599     0.814003     0.799392     0.778348     0.750432     0.715357     0.673277     0.625122     0.572860     0.519424     0.468183     0.422127     0.383220     0.352219     0.328925     0.312620     0.302464     
0.859277     0.869966     0.878004     0.883808     0.887689     0.889864     0.890455     0.889499     0.886946     0.882658     0.876405     0.867856     0.856577     0.842018     0.823516     0.800308     0.771583     0.736606     0.694943     0.646802     0.593405     0.537169     0.481431     0.429678     0.384643     0.347779     0.319297     0.298586     0.284697     0.276716     0.273994     0.276259     0.283645     0.296658     0.316070     0.342706     0.377106     0.419080     0.467309     0.519250     0.571542     0.620806     0.664392     0.700719     0.729174     0.749796     0.762950     0.769105     0.768719     0.762207     0.749973     0.732476     0.710326     0.684377     0.655784     0.626001     0.596670     0.569460     0.545876     0.527130     0.514089     0.507293     0.507011     0.513269     0.525856     0.544275     0.567691     0.594898     0.624371     0.654399     0.683283     0.709526     0.731946     0.749700     0.762224     0.769142     0.770180     0.765098     0.753669     0.735705     0.711134     0.680149     0.643387     0.602088     0.558131     0.513843     0.471618     0.433485     0.400828     0.374345     0.354209     0.340316     0.332521     0.330808     0.335381     0.346677     0.365269     0.391666     0.425990     0.467611     0.514877     0.565174     0.615394     0.662621     0.704689     0.740367     0.769212     0.791276     0.806832     0.816174     0.819501     0.816856     0.808097     0.792910     0.770852     0.741458     0.704450     0.660067     0.609445     0.554883     0.499682     0.447473     0.401288     0.362919     0.332840     0.310575     0.295186     0.285693     
0.860061     0.870748     0.878767     0.884532     0.888357     0.890455     0.890949     0.889875     0.887180     0.882724     0.876270     0.867484     0.855921     0.841022     0.822107     0.798398     0.769069     0.733379     0.690908     0.641916     0.587718     0.530851     0.474756     0.422956     0.378132     0.341628     0.313538     0.293156     0.279466     0.271515     0.268636     0.270552     0.277407     0.289738     0.308375     0.334245     0.368036     0.409737     0.458193     0.510937     0.564560     0.615526     0.661008     0.699297     0.729737     0.752391     0.767693     0.776206     0.778489     0.775055     0.766384     0.752973     0.735407     0.714425     0.690979     0.666241     0.641558     0.618343     0.597950     0.581546     0.570036     0.564026     0.563829     0.569466     0.580666     0.596850     0.617126     0.640316     0.665034     0.689817     0.713266     0.734162     0.751526     0.764614     0.772866     0.775837     0.773137     0.764391     0.749234     0.727365     0.698661     0.663364     0.622309     0.577075     0.529951     0.483608     0.440573     0.402754     0.371216     0.346269     0.327729     0.315217     0.308409     0.307196     0.311768     0.322614     0.340448     0.366008     0.399736     0.441354     0.489490     0.541610     0.594425     0.644657     0.689747     0.728173     0.759339     0.783257     0.800220     0.810569     0.814548     0.812231     0.803495     0.788024     0.765364     0.735041     0.696793     0.650928     0.598742     0.542770     0.486566     0.433914     0.387842     0.349995     0.320647     0.299138     0.284397     0.275357     
0.860087     0.870516     0.878311     0.883884     0.887543     0.889499     0.889875     0.888704     0.885933     0.881419     0.874925     0.866113     0.854537     0.839634     0.820725     0.797028     0.767719     0.732059     0.689634     0.640711     0.586607     0.529859     0.473895     0.422215     0.377480     0.341017     0.312912     0.292454     0.278628     0.270483     0.267353     0.268963     0.275466     0.287409     0.305653     0.331168     0.364709     0.406347     0.454998     0.508234     0.562621     0.614560     0.661150     0.700641     0.732375     0.756449     0.773357     0.783731     0.788206     0.787367     0.781756     0.771903     0.758381     0.741856     0.723135     0.703176     0.683075     0.663997     0.647092     0.633394     0.623743     0.618725     0.618646     0.623517     0.633053     0.646674     0.663535     0.682577     0.702609     0.722413     0.740841     0.756884     0.769700     0.778600     0.783008     0.782409     0.776307     0.764204     0.745616     0.720150     0.687658     0.648469     0.603649     0.555140     0.505625     0.458044     0.414952     0.378042     0.348026     0.324847     0.308016     0.296944     0.291178     0.290549     0.295236     0.305772     0.322962     0.347712     0.380704     0.421950     0.470351     0.523508     0.578055     0.630455     0.677830     0.718398     0.751415     0.776843     0.794987     0.806224     0.810836     0.808934     0.800415     0.784980     0.762180     0.731544     0.692827     0.646375     0.593565     0.537041     0.480471     0.427702     0.381750     0.344188     0.315199     0.294042     0.279591     0.270746     
0.859312     0.869226     0.876594     0.881818     0.885199     0.886946     0.887180     0.885933     0.883151     0.878691     0.872317     0.863694     0.852378     0.837813     0.819329     0.796160     0.767495     0.732607     0.691075     0.643126     0.589996     0.534094     0.478725     0.427315     0.382535     0.345785     0.317252     0.296312     0.282015     0.273451     0.269976     0.271327     0.277660     0.289526     0.307779     0.333385     0.367084     0.408922     0.457790     0.511236     0.565828     0.617987     0.664855     0.704736     0.737021     0.761855     0.779777     0.791468     0.797610     0.798836     0.795724     0.788828     0.778712     0.765991     0.751365     0.735633     0.719689     0.704479     0.690946     0.679954     0.672220     0.668253     0.668319     0.672416     0.680274     0.691370     0.704963     0.720152     0.735944     0.751338     0.765385     0.777230     0.786125     0.791412     0.792491     0.788785     0.779706     0.764654     0.743046     0.714418     0.678616     0.636075     0.588103     0.536990     0.485761     0.437541     0.394835     0.359085     0.330671     0.309220     0.294012     0.284306     0.279566     0.279587     0.284547     0.295003     0.311822     0.336013     0.368415     0.409247     0.457615     0.511257     0.566799     0.620555     0.669431     0.711458     0.745774     0.772299     0.791341     0.803303     0.808504     0.807085     0.798978     0.783907     0.761445     0.731140     0.692754     0.646637     0.594145     0.537899     0.481530     0.428870     0.382933     0.345319     0.316238     0.294974     0.280421     0.271491     
0.857613     0.866756     0.873490     0.878203     0.881191     0.882658     0.882724     0.881419     0.878691     0.874399     0.868308     0.860089     0.849306     0.835419     0.817777     0.795639     0.768223     0.734819     0.694994     0.648899     0.597609     0.543304     0.489053     0.438152     0.393290     0.356015     0.326709     0.304930     0.289859     0.280669     0.276766     0.277906     0.284252     0.296339     0.314991     0.341110     0.375336     0.417590     0.466636     0.519954     0.574134     0.625717     0.672004     0.711440     0.743514     0.768429     0.786759     0.799205     0.806471     0.809211     0.808019     0.803457     0.796076     0.786448     0.775194     0.762991     0.750574     0.738709     0.728154     0.719605     0.713639     0.710670     0.710906     0.714333     0.720710     0.729590     0.740352     0.752249     0.764468     0.776183     0.786599     0.794974     0.800628     0.802920     0.801233     0.794939     0.783380     0.765873     0.741756     0.710510     0.671988     0.626728     0.576257     0.523165     0.470747     0.422245     0.380076     0.345450     0.318469     0.298524     0.284726     0.276237     0.272470     0.273202     0.278612     0.289274     0.306086     0.330109     0.362260     0.402863     0.451143     0.504927     0.560870     0.615233     0.664831     0.707599     0.742616     0.769775     0.789391     0.801883     0.807600     0.806715     0.799192     0.784796     0.763135     0.733787     0.696519     0.651639     0.600402     0.545259     0.489672     0.437365     0.391369     0.353390     0.323785     0.301970     0.286932     0.277642     
0.854785     0.862902     0.868790     0.872825     0.875296     0.876405     0.876270     0.874925     0.872317     0.868308     0.862667     0.855071     0.845097     0.832222     0.815824     0.795198     0.769600     0.738345     0.700985     0.657577     0.608984     0.557074     0.504589     0.454612     0.409832     0.371978     0.341707     0.318840     0.302762     0.292785     0.288390     0.289374     0.295900     0.308477     0.327858     0.354820     0.389819     0.432549     0.481572     0.534274     0.587324     0.637482     0.682313     0.720476     0.751594     0.775929     0.794069     0.806717     0.814571     0.818281     0.818440     0.815600     0.810294     0.803058     0.794445     0.785040     0.775455     0.766313     0.758219     0.751721     0.747273     0.745192     0.745630     0.748558     0.753767     0.760880     0.769384     0.778667     0.788059     0.796870     0.804423     0.810061     0.813154     0.813081     0.809212     0.800884     0.787390     0.767985     0.741950     0.708725     0.668165     0.620888     0.568588     0.514078     0.460846     0.412204     0.370493     0.336744     0.310866     0.292090     0.279421     0.271961     0.269098     0.270602     0.276654     0.287836     0.305052     0.329366     0.361701     0.402387     0.450662     0.504382     0.560236     0.614526     0.664092     0.706883     0.741986     0.769299     0.789140     0.801946     0.808082     0.807752     0.800958     0.787510     0.767065     0.739242     0.703813     0.661020     0.611942     0.558755     0.504615     0.453047     0.407074     0.368566     0.338125     0.315399     0.299550     0.289656     
0.850549     0.857378     0.862198     0.865375     0.867193     0.867856     0.867484     0.866113     0.863694     0.860089     0.855071     0.848324     0.839436     0.827905     0.813140     0.794476     0.771216     0.742709     0.708498     0.668540     0.623471     0.574802     0.524874     0.476473     0.432218     0.394011     0.362818     0.338795     0.321606     0.310756     0.305847     0.306734     0.313582     0.326851     0.347178     0.375146     0.410939     0.453950     0.502495     0.553893     0.604974     0.652818     0.695336     0.731447     0.760915     0.784052     0.801444     0.813769     0.821698     0.825857     0.826821     0.825123     0.821272     0.815767     0.809108     0.801809     0.794385     0.787350     0.781189     0.776334     0.773134     0.771823     0.772505     0.775136     0.779529     0.785365     0.792214     0.799568     0.806865     0.813521     0.818943     0.822543     0.823731     0.821906     0.816437     0.806643     0.791788     0.771090     0.743789     0.709293     0.667452     0.618917     0.565474     0.510061     0.456281     0.407496     0.366010     0.332765     0.307565     0.289562     0.277707     0.271074     0.269043     0.271382     0.278275     0.290298     0.308337     0.333416     0.366386     0.407488     0.455875     0.509362     0.564684     0.618260     0.667074     0.709197     0.743785     0.770772     0.790488     0.803376     0.809815     0.810033     0.804071     0.791787     0.772900     0.747077     0.714104     0.674147     0.628075     0.577713     0.525810     0.475585     0.429986     0.391052     0.359689     0.335862     0.318986     0.308314     
0.844552     0.849820     0.853332     0.855450     0.856462     0.856577     0.855921     0.854537     0.852378     0.849306     0.845097     0.839436     0.831920     0.822066     0.809310     0.793031     0.772580     0.747346     0.716874     0.681037     0.640256     0.595681     0.549213     0.503267     0.460296     0.422306     0.390557     0.365576     0.347364     0.335685     0.330306     0.331163     0.338424     0.352472     0.373776     0.402653     0.438948     0.481707     0.529026     0.578232     0.626418     0.671068     0.710482     0.743846     0.771055     0.792449     0.808589     0.820109     0.827634     0.831753     0.833010     0.831913     0.828942     0.824563     0.819235     0.813413     0.807545     0.802061     0.797357     0.793775     0.791582     0.790948     0.791933     0.794478     0.798407     0.803442     0.809210     0.815277     0.821159     0.826347     0.830314     0.832523     0.832422     0.829432     0.822930     0.812237     0.796607     0.775243     0.747363     0.712355     0.670043     0.621063     0.567193     0.511394     0.457300     0.408309     0.366753     0.333583     0.308601     0.290952     0.279585     0.273574     0.272303     0.275542     0.283472     0.296647     0.315907     0.342181     0.376179     0.417958     0.466499     0.519532     0.573856     0.626090     0.673466     0.714265     0.747772     0.773978     0.793229     0.805968     0.812580     0.813310     0.808235     0.797267     0.780187     0.756723     0.726683     0.690168     0.647837     0.601142     0.552364     0.504314     0.459765     0.420861     0.388814     0.363957     0.346029     0.334519     
0.836375     0.839782     0.841718     0.842548     0.842574     0.842018     0.841022     0.839634     0.837813     0.835419     0.832222     0.827905     0.822066     0.814229     0.803857     0.790364     0.773146     0.751637     0.725394     0.694232     0.658392     0.618700     0.576626     0.534165     0.493511     0.456657     0.425089     0.399680     0.380801     0.368517     0.362806     0.363707     0.371391     0.386132     0.408180     0.437532     0.473661     0.515293     0.560380     0.606380     0.650743     0.691404     0.727046     0.757095     0.781545     0.800737     0.815188     0.825470     0.832152     0.835775     0.836847     0.835844     0.833221     0.829415     0.824855     0.819954     0.815109     0.810694     0.807039     0.804421     0.803045     0.803030     0.804398     0.807073     0.810880     0.815560     0.820779     0.826146     0.831231     0.835576     0.838704     0.840118     0.839300     0.835697     0.828707     0.817666     0.801839     0.780437     0.752680     0.717939     0.676002     0.627433     0.573913     0.518301     0.464178     0.414963     0.373072     0.339568     0.314355     0.296652     0.285455     0.279868     0.279287     0.283486     0.292630     0.307233     0.328045     0.355848     0.391129     0.433682     0.482253     0.534478     0.587265     0.637516     0.682802     0.721676     0.753590     0.778601     0.797072     0.809439     0.816085     0.817265     0.813087     0.803513     0.788392     0.767515     0.740725     0.708077     0.670054     0.627758     0.582993     0.538101     0.495566     0.457521     0.425413     0.399936     0.381193     0.368958     
0.825535     0.826746     0.826793     0.826066     0.824890     0.823516     0.822107     0.820725     0.819329     0.817777     0.815824     0.813140     0.809310     0.803857     0.796252     0.785935     0.772340     0.754943     0.733322     0.707260     0.676867     0.642706     0.605870     0.567934     0.530765     0.496227     0.465903     0.440940     0.422044     0.409597     0.403806     0.404830     0.412834     0.427963     0.450214     0.479252     0.514209     0.553580     0.595312     0.637109     0.676842     0.712886     0.744261     0.770580     0.791894     0.808522     0.820915     0.829576     0.835012     0.837712     0.838144     0.836756     0.833980     0.830236     0.825927     0.821445     0.817156     0.813393     0.810447     0.808546     0.807851     0.808438     0.810297     0.813327     0.817347     0.822098     0.827261     0.832471     0.837327     0.841405     0.844259     0.845429     0.844426     0.840729     0.833764     0.822899     0.807430     0.786598     0.759644     0.725941     0.685230     0.637964     0.585640     0.530903     0.477179     0.427866     0.385504     0.351359     0.325537     0.307418     0.296100     0.290747     0.290784     0.295983     0.306478     0.322709     0.345288     0.374781     0.411380     0.454554     0.502794     0.553674     0.604289     0.651906     0.694493     0.730910     0.760783     0.784241     0.801652     0.813442     0.819979     0.821524     0.818210     0.810045     0.796937     0.778745     0.755354     0.726803     0.693437     0.656070     0.616074     0.575313     0.535896     0.499811     0.468614     0.443283     0.424261     0.411629     
0.811502     0.810127     0.807920     0.805313     0.802678     0.800308     0.798398     0.797028     0.796160     0.795639     0.795198     0.794476     0.793031     0.790364     0.785935     0.779192     0.769593     0.756647     0.739957     0.719294     0.694685     0.666505     0.635546     0.603014     0.570430     0.539441     0.511596     0.488186     0.470167     0.458187     0.452670     0.453887     0.461992     0.476992     0.498642     0.526322     0.558923     0.594856     0.632200     0.668990     0.703521     0.734551     0.761365     0.783701     0.801626     0.815413     0.825444     0.832146     0.835961     0.837329     0.836681     0.834442     0.831029     0.826853     0.822310     0.817782     0.813624     0.810150     0.807625     0.806249     0.806147     0.807362     0.809850     0.813483     0.818057     0.823300     0.828889     0.834460     0.839625     0.843974     0.847088     0.848528     0.847839     0.844532     0.838073     0.827873     0.813277     0.793578     0.768061     0.736117     0.697451     0.652382     0.602163     0.549129     0.496439     0.447397     0.404662     0.369761     0.343095     0.324288     0.312611     0.307324     0.307895     0.314092     0.325992     0.343918     0.368287     0.399374     0.437022     0.480347     0.527621     0.576438     0.624171     0.668513     0.707856     0.741364     0.768829     0.790435     0.806550     0.817577     0.823866     0.825677     0.823157     0.816354     0.805231     0.789707     0.769715     0.745294     0.716701     0.684531     0.649803     0.613946     0.578666     0.545700     0.516565     0.492389     0.473875     0.461372     
0.793723     0.789309     0.784419     0.779553     0.775157     0.771583     0.769069     0.767719     0.767495     0.768223     0.769600     0.771216     0.772580     0.773146     0.772340     0.769593     0.764366     0.756184     0.744671     0.729600     0.710953     0.688982     0.664265     0.637717     0.610548     0.584146     0.559926     0.539187     0.523005     0.512202     0.507354     0.508814     0.516719     0.530957     0.551103     0.576354     0.605509     0.637039     0.669261     0.700569     0.729629     0.755505     0.777663     0.795910     0.810302     0.821051     0.828465     0.832900     0.834737     0.834369     0.832200     0.828640     0.824102     0.819001     0.813745     0.808723     0.804295     0.800778     0.798427     0.797425     0.797874     0.799785     0.803080     0.807595     0.813090     0.819262     0.825763     0.832213     0.838216     0.843365     0.847250     0.849455     0.849551     0.847088     0.841579     0.832489     0.819229     0.801162     0.777639     0.748094     0.712211     0.670182     0.622995     0.572607     0.521812     0.473714     0.431027     0.395546     0.368028     0.348421     0.336236     0.330879     0.331880     0.338994     0.352214     0.371694     0.397591     0.429840     0.467900     0.510573     0.555998     0.601902     0.646018     0.686500     0.722144     0.752388     0.777158     0.796678     0.811303     0.821406     0.827315     0.829279     0.827458     0.821928     0.812696     0.799733     0.783018     0.762599     0.738679     0.711703     0.682421     0.651904     0.621480     0.592583     0.566573     0.544585     0.527450     0.515695     
0.771672     0.763703     0.755644     0.748100     0.741610     0.736606     0.733379     0.732059     0.732607     0.734819     0.738345     0.742709     0.747346     0.751637     0.754943     0.756647     0.756184     0.753073     0.746948     0.737585     0.724947     0.709215     0.690828     0.670494     0.649171     0.628001     0.608214     0.591011     0.577465     0.568452     0.564613     0.566338     0.573741     0.586636     0.604511     0.626509     0.651475     0.678053     0.704844     0.730567     0.754194     0.775003     0.792576     0.806749     0.817545     0.825114     0.829693     0.831569     0.831070     0.828555     0.824407     0.819033     0.812859     0.806324     0.799862     0.793893     0.788804     0.784928     0.782529     0.781785     0.782781     0.785499     0.789821     0.795538     0.802360     0.809932     0.817861     0.825730     0.833115     0.839595     0.844763     0.848215     0.849551     0.848360     0.844209     0.836628     0.825105     0.809089     0.788017     0.761390     0.728899     0.690637     0.647343     0.600581     0.552707     0.506514     0.464658     0.429141     0.401076     0.380786     0.368085     0.362573     0.363864     0.371695     0.385944     0.406550     0.433362     0.465951     0.503426     0.544365     0.586904     0.629014     0.668840     0.704979     0.736582     0.763307     0.785180     0.802440     0.815420     0.824461     0.829865     0.831866     0.830630     0.826252     0.818774     0.808206     0.794561     0.777902     0.758398     0.736387     0.712427     0.687314     0.662054     0.637779     0.615627     0.596626     0.581606     0.571158     
0.744933     0.732859     0.721131     0.710488     0.701585     0.694943     0.690908     0.689634     0.691075     0.694994     0.700985     0.708498     0.716874     0.725394     0.733322     0.739957     0.744671     0.746948     0.746407     0.742827     0.736158     0.726549     0.714354     0.700147     0.684702     0.668956     0.653946     0.640724     0.630271     0.623419     0.620797     0.622779     0.629463     0.640640     0.655798     0.674139     0.694650     0.716197     0.737656     0.758023     0.776493     0.792492     0.805670     0.815864     0.823057     0.827337     0.828875     0.827901     0.824698     0.819598     0.812979     0.805263     0.796907     0.788393     0.780210     0.772828     0.766681     0.762138     0.759486     0.758908     0.760478     0.764150     0.769763     0.777049     0.785650     0.795143     0.805062     0.814928     0.824270     0.832637     0.839609     0.844792     0.847811     0.848298     0.845878     0.840155     0.830703     0.817069     0.798793     0.775459     0.746799     0.712849     0.674145     0.631891     0.587990     0.544835     0.504893     0.470243     0.442287     0.421717     0.408676     0.402995     0.404393     0.412591     0.427328     0.448303     0.475054     0.506821     0.542458     0.580452     0.619069     0.656599     0.691601     0.723057     0.750402     0.773453     0.792297     0.807175     0.818389     0.826249     0.831028     0.832949     0.832174     0.828814     0.822930     0.814560     0.803739     0.790537     0.775097     0.757682     0.738705     0.718756     0.698582     0.679047     0.661054     0.645457     0.632993     0.624221     
0.713336     0.696646     0.680817     0.666744     0.655206     0.646802     0.641916     0.640711     0.643126     0.648899     0.657577     0.668540     0.681037     0.694232     0.707260     0.719294     0.729600     0.737585     0.742827     0.745083     0.744301     0.740610     0.734325     0.725936     0.716095     0.705583     0.695271     0.686052     0.678774     0.674174     0.672814     0.675030     0.680906     0.690251     0.702615     0.717322     0.733537     0.750353     0.766885     0.782341     0.796080     0.807625     0.816661     0.823014     0.826621     0.827516     0.825809     0.821679     0.815376     0.807219     0.797595     0.786963     0.775837     0.764769     0.754326     0.745056     0.737458     0.731953     0.728860     0.728376     0.730567     0.735363     0.742555     0.751809     0.762685     0.774664     0.787184     0.799675     0.811593     0.822435     0.831755     0.839161     0.844300     0.846852     0.846504     0.842938     0.835825     0.824815     0.809558     0.789741     0.765160     0.735838     0.702173     0.665075     0.626033     0.587009     0.550168     0.517516     0.490609     0.470423     0.457406     0.451624     0.452912     0.460979     0.475435     0.495758     0.521222     0.550835     0.583334     0.617252     0.651082     0.683454     0.713293     0.739886     0.762874     0.782180     0.797922     0.810329     0.819678     0.826247     0.830287     0.832008     0.831571     0.829089     0.824637     0.818266     0.810020     0.799964     0.788215     0.774969     0.760531     0.745327     0.729903     0.714896     0.700988     0.688846     0.679062     0.672107     
0.677127     0.655472     0.635314     0.617709     0.603528     0.593405     0.587718     0.586607     0.589996     0.597609     0.608984     0.623471     0.640256     0.658392     0.676867     0.694685     0.710953     0.724947     0.736158     0.744301     0.749304     0.751293     0.750565     0.747569     0.742882     0.737179     0.731199     0.725699     0.721396     0.718918     0.718743     0.721165     0.726258     0.733872     0.743644     0.755037     0.767393     0.780003     0.792170     0.803265     0.812759     0.820240     0.825407     0.828065     0.828109     0.825518     0.820347     0.812734     0.802903     0.791176     0.777974     0.763818     0.749309     0.735104     0.721877     0.710272     0.700868     0.694143     0.690450     0.690003     0.692865     0.698944     0.707990     0.719604     0.733251     0.748300     0.764063     0.779846     0.794998     0.808937     0.821174     0.831305     0.839002     0.843988     0.846019     0.844865     0.840292     0.832062     0.819938     0.803716     0.783275     0.758660     0.730189     0.698564     0.664932     0.630852     0.598132     0.568578     0.543735     0.524729     0.512222     0.506471     0.507424     0.514794     0.528097     0.546661     0.569600     0.595827     0.624093     0.653086     0.681562     0.708465     0.733009     0.754705     0.773332     0.788878     0.801475     0.811342     0.818732     0.823901     0.827087     0.828488     0.828263     0.826528     0.823360     0.818811     0.812919     0.805733     0.797333     0.787854     0.777504     0.766578     0.755458     0.744594     0.734477     0.725595     0.718391     0.713223     
0.637137     0.610483     0.586128     0.565249     0.548735     0.537169     0.530851     0.529859     0.534094     0.543304     0.557074     0.574802     0.595681     0.618700     0.642706     0.666505     0.688982     0.709215     0.726549     0.740610     0.751293     0.758716     0.763178     0.765114     0.765066     0.763645     0.761501     0.759284     0.757608     0.757002     0.757872     0.760473     0.764877     0.770981     0.778509     0.787050     0.796098     0.805100     0.813505     0.820799     0.826531     0.830326     0.831885     0.830986     0.827479     0.821287     0.812417     0.800968     0.787155     0.771321     0.753949     0.735661     0.717187     0.699325     0.682878     0.668601     0.657147     0.649037     0.644645     0.644194     0.647745     0.655201     0.666288     0.680559     0.697395     0.716044     0.735666     0.755407     0.774465     0.792143     0.807880     0.821246     0.831928     0.839700     0.844389     0.845854     0.843965     0.838595     0.829621     0.816948     0.800545     0.780502     0.757104     0.730916     0.702832     0.674070     0.646089     0.620415     0.598457     0.581337     0.569808     0.564243     0.564672     0.570832     0.582211     0.598080     0.617521     0.639475     0.662811     0.686423     0.709318     0.730695     0.749987     0.766858     0.781176     0.792973     0.802391     0.809641     0.814966     0.818615     0.820819     0.821776     0.821644     0.820539     0.818533     0.815668     0.811963     0.807436     0.802120     0.796081     0.789438     0.782372     0.775125     0.767992     0.761304     0.755393     0.750567     0.747070     
0.594863     0.563609     0.535638     0.512153     0.493944     0.481431     0.474756     0.473895     0.478725     0.489053     0.504589     0.524874     0.549213     0.576626     0.605870     0.635546     0.664265     0.690828     0.714354     0.734325     0.750565     0.763178     0.772470     0.778891     0.782973     0.785300     0.786471     0.787069     0.787629     0.788612     0.790370     0.793127     0.796962     0.801812     0.807478     0.813651     0.819940     0.825911     0.831118     0.835127     0.837537     0.837989     0.836175     0.831837     0.824775     0.814857     0.802040     0.786394     0.768137     0.747666     0.725569     0.702619     0.679725     0.657862     0.637979     0.620923     0.607388     0.597897     0.592808     0.592328     0.596522     0.605308     0.618430     0.635440     0.655676     0.678278     0.702247     0.726529     0.750122     0.772162     0.791971     0.809070     0.823151     0.834032     0.841620     0.845869     0.846753     0.844257     0.838371     0.829106     0.816517     0.800750     0.782088     0.761010     0.738230     0.714703     0.691579     0.670097     0.651448     0.636640     0.626402     0.621138     0.620923     0.625535     0.634490     0.647096     0.662501     0.679762     0.697920     0.716074     0.733449     0.749440     0.763634     0.775804     0.785881     0.793930     0.800108     0.804635     0.807760     0.809740     0.810816     0.811194     0.811040     0.810466     0.809536     0.808272     0.806659     0.804669     0.802273     0.799463     0.796264     0.792749     0.789037     0.785294     0.781714     0.778502     0.775847     0.773901     
0.552349     0.517335     0.486723     0.461602     0.442535     0.429678     0.422956     0.422215     0.427315     0.438152     0.454612     0.476473     0.503267     0.534165     0.567934     0.603014     0.637717     0.670494     0.700147     0.725936     0.747569     0.765114     0.778891     0.789371     0.797110     0.802690     0.806692     0.809663     0.812093     0.814396     0.816891     0.819784     0.823165     0.827002     0.831157     0.835397     0.839416     0.842865     0.845367     0.846540     0.846011     0.843421     0.838439     0.830761     0.820133     0.806362     0.789355     0.769165     0.746040     0.720472     0.693217     0.665265     0.637762     0.611882     0.588702     0.569111     0.553773     0.543136     0.537482     0.536972     0.541671     0.551542     0.566411     0.585906     0.609398     0.635982     0.664515     0.693722     0.722343     0.749278     0.773676     0.794965     0.812816     0.827093     0.837779     0.844928     0.848624     0.848962     0.846042     0.839973     0.830896     0.819010     0.804609     0.788120     0.770133     0.751406     0.732838     0.715404     0.700061     0.687648     0.678795     0.673873     0.672970     0.675905     0.682263     0.691442     0.702712     0.715286     0.728379     0.741277     0.753378     0.764226     0.773519     0.781109     0.786982     0.791239     0.794066     0.795710     0.796449     0.796570     0.796340     0.795991     0.795700     0.795581     0.795684     0.796001     0.796470     0.796999     0.797484     0.797825     0.797949     0.797819     0.797442     0.796867     0.796176     0.795466     0.794835     0.794355     
