0.860382     0.867065     0.872194     0.876101     0.879038     0.881175     0.882604     0.883340     0.883325     0.882433     0.880471     0.877186     0.872267     0.865343     0.855993     0.843743     0.828082     0.808485     0.784465     0.755668     0.722007     0.683833     0.642091     0.598353     0.554655     0.513139     0.475640     0.443393     0.416968     0.396398     0.381406     0.371619     0.366746     0.366683     0.371561     0.381737     0.397724     0.420050     0.449036     0.484524     0.525632     0.570675     0.617355     0.663212     0.706121     0.744625     0.777995     0.806088     0.829139     0.847573     0.861876     0.872521     0.879941     0.884507     0.886543     0.886325     0.884096     0.880077     0.874480     0.867516     0.859405     0.850384     0.840715     0.830683     0.820595     0.810781     0.801580     0.793335     0.786369     0.780978     0.777404     0.775818     0.776305     0.778847     0.783320     0.789499     0.797064     0.805624     0.814743     0.823961     0.832822     0.840892     0.847771     0.853092     0.856524     0.857757     0.856498     0.852450     0.845308     0.834744     0.820408     0.801930     0.778954     0.751187     0.718506     0.681101     0.639672     0.595584     0.550907     0.508236     0.470294     0.439487     0.417591     0.405675     0.404181     0.413037     0.431684     0.459021     0.493343     0.532386     0.573568     0.614346     0.652568     0.686657     0.715611     0.738869     0.756142     0.767256     0.772035     0.770226     0.761469     0.745301     0.721234     0.688931     0.648494     0.600862     0.548126     0.493499     
0.867065     0.874700     0.880549     0.884954     0.888169     0.890369     0.891647     0.892027     0.891457     0.889818     0.886923     0.882518     0.876282     0.867828     0.856696     0.842363     0.824250     0.801756     0.774323     0.741565     0.703446     0.660510     0.614055     0.566121     0.519196     0.475692     0.437449     0.405468     0.379962     0.360595     0.346779     0.337920     0.333586     0.333608     0.338121     0.347555     0.362575     0.383953     0.412340     0.447956     0.490248     0.537676     0.587813     0.637816     0.685070     0.727695     0.764700     0.795843     0.821376     0.841797     0.857683     0.869599     0.878048     0.883465     0.886216     0.886610     0.884909     0.881343     0.876122     0.869446     0.861515     0.852541     0.842754     0.832404     0.821774     0.811173     0.800938     0.791425     0.783003     0.776029     0.770832     0.767681     0.766763     0.768152     0.771796     0.777512     0.784988     0.793809     0.803485     0.813487     0.823284     0.832368     0.840275     0.846591     0.850952     0.853027     0.852513     0.849113     0.842524     0.832426     0.818476     0.800318     0.777604     0.750053     0.717552     0.680303     0.639009     0.595037     0.550447     0.507815     0.469837     0.438894     0.416736     0.404416     0.402373     0.410547     0.428423     0.454972     0.488583     0.527093     0.567988     0.608745     0.647180     0.681653     0.711091     0.734875     0.752671     0.764280     0.769514     0.768117     0.759729     0.743895     0.720136     0.688119     0.647954     0.600578     0.548074     0.493642     
0.872194     0.880549     0.886937     0.891706     0.895116     0.897343     0.898486     0.898570     0.897548     0.895304     0.891648     0.886324     0.878996     0.869251     0.856593     0.840446     0.820163     0.795069     0.764543     0.728181     0.686033     0.638878     0.588413     0.537159     0.488003     0.443519     0.405427     0.374413     0.350311     0.332445     0.319970     0.312122     0.308372     0.308507     0.312663     0.321321     0.335257     0.355428     0.382764     0.417836     0.460446     0.509292     0.561937     0.615250     0.666167     0.712371     0.752576     0.786412     0.814122     0.836264     0.853493     0.866451     0.875708     0.881751     0.884982     0.885735     0.884285     0.880864     0.875676     0.868907     0.860736     0.851348     0.840946     0.829754     0.818034     0.806090     0.794269     0.782966     0.772609     0.763645     0.756512     0.751601     0.749218     0.749541     0.752595     0.758231     0.766128     0.775819     0.786725     0.798211     0.809630     0.820374     0.829894     0.837715     0.843434     0.846703     0.847214     0.844673     0.838788     0.829252     0.815735     0.797893     0.775390     0.747959     0.715503     0.678240     0.636898     0.592863     0.548209     0.505507     0.467436     0.436332     0.413906     0.401172     0.398550     0.405996     0.423044     0.448760     0.481657     0.519693     0.560438     0.601385     0.640302     0.675465     0.705711     0.730347     0.748996     0.761437     0.767480     0.766884     0.759312     0.744337     0.721503     0.690491     0.651394     0.605086     0.553538     0.499819     
0.876101     0.884954     0.891706     0.896712     0.900235     0.902453     0.903468     0.903306     0.901921     0.899196     0.894939     0.888884     0.880681     0.869892     0.855985     0.838333     0.816227     0.788925     0.755755     0.716313     0.670751     0.620105     0.566467     0.512799     0.462294     0.417580     0.380180     0.350448     0.327875     0.311511     0.300323     0.293430     0.290242     0.290520     0.294402     0.302401     0.315365     0.334380     0.360579     0.394816     0.437214     0.486731     0.541004     0.596722     0.650458     0.699504     0.742287     0.778297     0.807754     0.831252     0.849510     0.863233     0.873042     0.879464     0.882929     0.883784     0.882311     0.878738     0.873256     0.866032     0.857220     0.846978     0.835479     0.822926     0.809565     0.795702     0.781711     0.768040     0.755205     0.743767     0.734303     0.727352     0.723364     0.722642     0.725294     0.731206     0.740034     0.751230     0.764089     0.777821     0.791624     0.804745     0.816523     0.826409     0.833955     0.838797     0.840629     0.839170     0.834148     0.825273     0.812235     0.794705     0.772362     0.744955     0.712404     0.674959     0.633381     0.589101     0.544229     0.501352     0.463129     0.431849     0.409155     0.396004     0.392786     0.399462     0.415628     0.440461     0.472625     0.510226     0.550933     0.592262     0.631920     0.668074     0.699451     0.725270     0.745101     0.758707     0.765906     0.766489     0.760160     0.746539     0.725216     0.695891     0.658626     0.614183     0.564336     0.511913     
0.879038     0.888169     0.895116     0.900235     0.903790     0.905962     0.906851     0.906485     0.904815     0.901724     0.897015     0.890413     0.881555     0.869979     0.855124     0.836319     0.812805     0.783784     0.748547     0.706699     0.658499     0.605215     0.549287     0.494027     0.442834     0.398315     0.361781     0.333297     0.312090     0.297013     0.286908     0.280825     0.278136     0.278590     0.282330     0.289885     0.302147     0.320281     0.345551     0.379005     0.421007     0.470733     0.525920     0.583170     0.638804     0.689817     0.734404     0.771934     0.802593     0.826999     0.845911     0.860076     0.870152     0.876688     0.880130     0.880829     0.879063     0.875049     0.868958     0.860931     0.851093     0.839570     0.826504     0.812073     0.796513     0.780141     0.763370     0.746724     0.730828     0.716391     0.704157     0.694843     0.689067     0.687273     0.689667     0.696173     0.706419     0.719756     0.735315     0.752105     0.769110     0.785387     0.800127     0.812682     0.822556     0.829372     0.832833     0.832687     0.828688     0.820575     0.808063     0.790841     0.768608     0.741130     0.708350     0.670555     0.628561     0.583860     0.538626     0.495477     0.457055     0.425588     0.402637     0.389079     0.385255     0.391129     0.406361     0.430256     0.461647     0.498821     0.539571     0.581441     0.622072     0.659504     0.692325     0.719647     0.740980     0.756069     0.764751     0.766859     0.762158     0.750336     0.731046     0.704021     0.669290     0.627481     0.580107     0.529672     
0.881175     0.890369     0.897343     0.902453     0.905962     0.908048     0.908810     0.908275     0.906394     0.903046     0.898030     0.891064     0.881774     0.869684     0.854206     0.834641     0.810193     0.780026     0.743408     0.699954     0.650007     0.595012     0.537657     0.481488     0.430023     0.385823     0.350029     0.322506     0.302307     0.288166     0.278854     0.273384     0.271111     0.271781     0.275538     0.282923     0.294847     0.312515     0.337259     0.370230     0.411924     0.461651     0.517223     0.575211     0.631806     0.683833     0.729349     0.767644     0.798880     0.823680     0.842824     0.857077     0.867111     0.873484     0.876640     0.876924     0.874601     0.869865     0.862860     0.853697     0.842463     0.829246     0.814153     0.797339     0.779032     0.759569     0.739422     0.719211     0.699706     0.681787     0.666391     0.654432     0.646704     0.643801     0.646036     0.653384     0.665454     0.681494     0.700454     0.721094     0.742128     0.762363     0.780793     0.796645     0.809362     0.818559     0.823961     0.825354     0.822535     0.815282     0.803341     0.786427     0.764258     0.736620     0.703485     0.665186     0.622605     0.577325     0.531599     0.488094     0.449438     0.417788     0.394600     0.380652     0.376223     0.381273     0.395525     0.418419     0.448982     0.485706     0.526535     0.569064     0.610865     0.649831     0.684386     0.713512     0.736645     0.753507     0.763962     0.767896     0.765151     0.755500     0.738676     0.714464     0.682875     0.644400     0.600276     0.552619     
0.882604     0.891647     0.898486     0.903468     0.906851     0.908810     0.909443     0.908772     0.906748     0.903248     0.898069     0.890923     0.881431     0.869107     0.853353     0.833452     0.808591     0.777915     0.740679     0.696506     0.645779     0.590032     0.532072     0.475552     0.424041     0.380067     0.344692     0.317686     0.298027     0.284401     0.275549     0.270473     0.268527     0.269456     0.273406     0.280924     0.292922     0.310613     0.335337     0.368259     0.409895     0.459578     0.515137     0.573143     0.629774     0.681832     0.727351     0.765605     0.796746     0.821392     0.840319     0.854287     0.863960     0.869885     0.872491     0.872106     0.868966     0.863237     0.855029     0.844411     0.831428     0.816125     0.798572     0.778901     0.757342     0.734268     0.710232     0.685988     0.662474     0.640769     0.622011     0.607294     0.597573     0.593571     0.595705     0.604020     0.618139     0.637247     0.660122     0.685260     0.711053     0.735988     0.758804     0.778557     0.794614     0.806580     0.814216     0.817360     0.815865     0.809560     0.798232     0.781626     0.759481     0.731606     0.698006     0.659065     0.615751     0.569751     0.523425     0.479498     0.440585     0.408761     0.385361     0.371049     0.366027     0.370241     0.383474     0.405308     0.434976     0.471197     0.512103     0.555360     0.598480     0.639195     0.675739     0.706938     0.732132     0.751020     0.763490     0.769493     0.768958     0.761758     0.747724     0.726712     0.698739     0.664186     0.624026     0.579980     
0.883340     0.892027     0.898570     0.903306     0.906485     0.908275     0.908772     0.907996     0.905897     0.902349     0.897149     0.890009     0.880548     0.868280     0.852606     0.832812     0.808082     0.777566     0.740517     0.696556     0.646055     0.590530     0.532762     0.476386     0.424961     0.381026     0.345664     0.318668     0.299040     0.285480     0.276744     0.271842     0.270134     0.271369     0.275696     0.283658     0.296155     0.314373     0.339606     0.372945     0.414811     0.464445     0.519628     0.576961     0.632722     0.683835     0.728431     0.765833     0.796201     0.820140     0.838397     0.851705     0.860698     0.865894     0.867692     0.866387     0.862182     0.855203     0.845518     0.833147     0.818090     0.800344     0.779946     0.757012     0.731793     0.704727     0.676487     0.647993     0.620384     0.594937     0.572964     0.555690     0.544163     0.539180     0.541240     0.550478     0.566593     0.588785     0.615737     0.645708     0.676740     0.706938     0.734706     0.758873     0.778697     0.793766     0.803883     0.808953     0.808901     0.803618     0.792937     0.776640     0.754489     0.726317     0.692162     0.652468     0.608300     0.561468     0.514453     0.470052     0.430867     0.398881     0.375296     0.360647     0.355050     0.358429     0.370621     0.391346     0.420050     0.455701     0.496644     0.540652     0.585187     0.627816     0.666556     0.700047     0.727518     0.748629     0.763298     0.771542     0.773389     0.768821     0.757779     0.740208     0.716159     0.685944     0.650323     0.610652     
0.883325     0.891457     0.897548     0.901921     0.904815     0.906394     0.906748     0.905897     0.903788     0.900296     0.895219     0.888271     0.879076     0.867155     0.851921     0.832675     0.808624     0.778936     0.742879     0.700059     0.650791     0.596468     0.539708     0.483994     0.432819     0.388765     0.353037     0.325568     0.305477     0.291550     0.282595     0.277653     0.276100     0.277692     0.282578     0.291286     0.304687     0.323904     0.350121     0.384268     0.426563     0.476057     0.530438     0.586382     0.640378     0.689606     0.732398     0.768179     0.797133     0.819836     0.836992     0.849280     0.857286     0.861481     0.862222     0.859761     0.854255     0.845785     0.834369     0.819978     0.802560     0.782072     0.758525     0.732041     0.702924     0.671722     0.639275     0.606708     0.575366     0.546697     0.522111     0.502864     0.489993     0.484290     0.486294     0.496243     0.513989     0.538863     0.569581     0.604257     0.640608     0.676311     0.709357     0.738273     0.762156     0.780560     0.793330     0.800446     0.801916     0.797702     0.787693     0.771707     0.749532     0.721024     0.686254     0.645730     0.600620     0.552873     0.505103     0.460186     0.420712     0.388567     0.364813     0.349851     0.343702     0.346260     0.357409     0.376999     0.404687     0.439699     0.480621     0.525358     0.571353     0.616000     0.657081     0.693025     0.722924     0.746394     0.763373     0.773954     0.778264     0.776402     0.768427     0.754386     0.734389     0.708721     0.677992     0.643264     
0.882433     0.889818     0.895304     0.899196     0.901724     0.903046     0.903248     0.902349     0.900296     0.896965     0.892156     0.885588     0.876892     0.865606     0.851163     0.832895     0.810045     0.781822     0.747517     0.706723     0.659660     0.607518     0.552631     0.498206     0.447591     0.403418     0.367084     0.338766     0.317800     0.303126     0.293652     0.288475     0.287002     0.289000     0.294610     0.304334     0.318986     0.339578     0.367119     0.402286     0.445003     0.494068     0.547080     0.600856     0.652209     0.698681     0.738874     0.772349     0.799316     0.820310     0.835971     0.846907     0.853641     0.856582     0.856033     0.852193     0.845168     0.834988     0.821618     0.804978     0.784970     0.761521     0.734642     0.704495     0.671486     0.636329     0.600077     0.564078     0.529858     0.498953     0.472757     0.452433     0.438895     0.432850     0.434833     0.445193     0.463991     0.490808     0.524539     0.563301     0.604574     0.645608     0.683920     0.717658     0.745696     0.767519     0.783002     0.792205     0.795222     0.792093     0.782764     0.767093     0.744893     0.716038     0.680631     0.639241     0.593143     0.544429     0.495854     0.450381     0.410591     0.378274     0.354349     0.339084     0.332406     0.334171     0.344300     0.362762     0.389413     0.423737     0.464575     0.509996     0.557443     0.604147     0.647644     0.686125     0.718528     0.744411     0.763734     0.776663     0.783427     0.784243     0.779288     0.768719     0.752720     0.731588     0.705843     0.676333     
0.880471     0.886923     0.891648     0.894939     0.897015     0.898030     0.898069     0.897149     0.895219     0.892156     0.887762     0.881763     0.873802     0.863432     0.850118     0.833230     0.812062     0.785877     0.754007     0.716035     0.672071     0.623059     0.570964     0.518608     0.469099     0.425072     0.388145     0.358811     0.336708     0.321011     0.310783     0.305215     0.303759     0.306198     0.312661     0.323600     0.339733     0.361906     0.390878     0.426994     0.469824     0.517906     0.568806     0.619579     0.667458     0.710409     0.747334     0.777934     0.802434     0.821318     0.835144     0.844439     0.849644     0.851101     0.849048     0.843626     0.834886     0.822803     0.807291     0.788223     0.765471     0.738955     0.708717     0.675017     0.638417     0.599851     0.560610     0.522243     0.486376     0.454515     0.427911     0.407519     0.394055     0.388088     0.390128     0.400628     0.419882     0.447788     0.483547     0.525429     0.570813     0.616587     0.659779     0.698099     0.730142     0.755281     0.773402     0.784633     0.789156     0.787088     0.778433     0.763085     0.740879     0.711701     0.675681     0.633442     0.586356     0.536658     0.487246     0.441173     0.401018     0.368483     0.344359     0.328783     0.321592     0.322603     0.331763     0.349144     0.374783     0.408411     0.449125     0.495174     0.544024     0.592760     0.638661     0.679672     0.714562     0.742824     0.764436     0.779636     0.788755     0.792123     0.790035     0.782750     0.770537     0.753727     0.732799     0.708458     
0.877186     0.882518     0.886324     0.888884     0.890413     0.891064     0.890923     0.890009     0.888271     0.885588     0.881763     0.876528     0.869535     0.860359     0.848494     0.833355     0.814297     0.790645     0.761786     0.727304     0.687210     0.642197     0.593825     0.544457     0.496860     0.453582     0.416418     0.386205     0.362946     0.346124     0.335020     0.328962     0.327477     0.330368     0.337739     0.349966     0.367619     0.391317     0.421498     0.458124     0.500407     0.546684     0.594592     0.641526     0.685196     0.724010     0.757152     0.784444     0.806109     0.822565     0.834280     0.841686     0.845141     0.844909     0.841161     0.833976     0.823349     0.809201     0.791402     0.769792     0.744234     0.714675     0.681242     0.644343     0.604757     0.563663     0.522571     0.483154     0.447018     0.415513     0.389641     0.370090     0.357352     0.351857     0.354086     0.364585     0.383866     0.412152     0.449002     0.492953     0.541415     0.591027     0.638381     0.680736     0.716373     0.744521     0.765050     0.778145     0.784062     0.782989     0.774984     0.759973     0.737804     0.708372     0.671819     0.628807     0.580793     0.530135     0.479871     0.433144     0.392547     0.359713     0.335324     0.319404     0.311707     0.312010     0.320280     0.336672     0.361382     0.394362     0.434951     0.481581     0.531756     0.582428     0.630632     0.674060     0.711313     0.741816     0.765567     0.782873     0.794163     0.799874     0.800405     0.796116     0.787353     0.774492     0.758000     0.738495     
0.872267     0.876282     0.878996     0.880681     0.881555     0.881774     0.881431     0.880548     0.879076     0.876892     0.873802     0.869535     0.863753     0.856046     0.845936     0.832885     0.816305     0.795595     0.770200     0.739726     0.704109     0.663820     0.620031     0.574625     0.529944     0.488338     0.451681     0.421104     0.396994     0.379193     0.367260     0.360710     0.359172     0.362479     0.370696     0.384086     0.403026     0.427846     0.458620     0.494930     0.535693     0.579161     0.623163     0.665511     0.704401     0.738641     0.767656     0.791350     0.809925     0.823722     0.833112     0.838431     0.839948     0.837850     0.832240     0.823133     0.810472     0.794134     0.773953     0.749760     0.721439     0.689012     0.652742     0.613240     0.571529     0.529019     0.487369     0.448253     0.413132     0.383098     0.358858     0.340831     0.329312     0.324622     0.327225     0.337750     0.356891     0.385150     0.422424     0.467549     0.518064     0.570480     0.621050     0.666639     0.705226     0.735882     0.758443     0.773129     0.780258     0.780076     0.772683     0.758031     0.735975     0.706408     0.669467     0.625833     0.577018     0.525477     0.474368     0.426929     0.385783     0.352530     0.327769     0.311440     0.303228     0.302876     0.310359     0.325899     0.349823     0.382268     0.422786     0.469973     0.521374     0.573821     0.624122     0.669737     0.709109     0.741604     0.767243     0.786403     0.799601     0.807370     0.810204     0.808547     0.802814     0.793424     0.780846     0.765642     
0.865343     0.867828     0.869251     0.869892     0.869979     0.869684     0.869107     0.868280     0.867155     0.865606     0.863432     0.860359     0.856046     0.850091     0.842038     0.831386     0.817605     0.800161     0.778565     0.752459     0.721734     0.686692     0.648176     0.607620     0.566913     0.528102     0.493012     0.462961     0.438667     0.420336     0.407840     0.400920     0.399335     0.402956     0.411795     0.425976     0.445640     0.470804     0.501188     0.536058     0.574155     0.613791     0.653086     0.690290     0.724039     0.753468     0.778179     0.798123     0.813459     0.824445     0.831355     0.834432     0.833856     0.829742     0.822122     0.810959     0.796148     0.777531     0.754931     0.728196     0.697273     0.662306     0.623744     0.582431     0.539624     0.496901     0.455954     0.418336     0.385258     0.357509     0.335507     0.319450     0.309489     0.305882     0.309098     0.319834     0.338925     0.367080     0.404460     0.450159     0.501873     0.556083     0.608829     0.656690     0.697405     0.729910     0.754001     0.769917     0.778016     0.778587     0.771759     0.757500     0.735667     0.706136     0.669027     0.625007     0.575602     0.523324     0.471417     0.423213     0.381393     0.347562     0.322286     0.305454     0.296700     0.295743     0.302564     0.317431     0.340769     0.372860     0.413417     0.461164     0.513670     0.567657     0.619738     0.667178     0.708294     0.742416     0.769593     0.790269     0.805043     0.814528     0.819297     0.819861     0.816691     0.810240     0.800982     0.789440     
0.855993     0.856696     0.856593     0.855985     0.855124     0.854206     0.853353     0.852606     0.851921     0.851163     0.850118     0.848494     0.845936     0.842038     0.836351     0.828402     0.817705     0.803786     0.786220     0.764693     0.739085     0.709582     0.676778     0.641733     0.605912     0.571007     0.538673     0.510276     0.486758     0.468626     0.456054     0.449018     0.447423     0.451182     0.460253     0.474602     0.494135     0.518580     0.547374     0.579586     0.613929     0.648886     0.682916     0.714672     0.743147     0.767720     0.788104     0.804261     0.816297     0.824388     0.828714     0.829428     0.826635     0.820373     0.810621     0.797289     0.780240     0.759301     0.734307     0.705162     0.671917     0.634885     0.594731     0.552529     0.509718     0.467939     0.428795     0.393613     0.363304     0.338358     0.318957     0.305141     0.296978     0.294707     0.298822     0.310081     0.329411     0.357652     0.395127     0.441098     0.493385     0.548493     0.602379     0.651478     0.693396     0.726988     0.752022     0.768743     0.777529     0.778692     0.772379     0.758564     0.737097     0.707832     0.670850     0.626774     0.577092     0.524312     0.471722     0.422734     0.380114     0.345529     0.319566     0.302106     0.292768     0.291255     0.297552     0.311958     0.334959     0.366928     0.407680     0.456004     0.509458     0.564665     0.618085     0.666848     0.709201     0.744467     0.772738     0.794519     0.810477     0.821292     0.827593     0.829943     0.828851     0.824795     0.818246     0.809701     
0.843743     0.842363     0.840446     0.838333     0.836319     0.834641     0.833452     0.832812     0.832675     0.832895     0.833230     0.833355     0.832885     0.831386     0.828402     0.823466     0.816123     0.805945     0.792565     0.775713     0.755279     0.731384     0.704453     0.675263     0.644926     0.614789     0.586265     0.560644     0.538952     0.521893     0.509871     0.503068     0.501522     0.505193     0.513986     0.527734     0.546146     0.568741     0.594788     0.623296     0.653069     0.682825     0.711349     0.737624     0.760905     0.780734     0.796885     0.809308     0.818052     0.823213     0.824887     0.823150     0.818032     0.809513     0.797522     0.781933     0.762593     0.739337     0.712047     0.680719     0.645553     0.607061     0.566127     0.524016     0.482257     0.442440     0.405971     0.373891     0.346811     0.324968     0.308371     0.296970     0.290806     0.290133     0.295482     0.307662     0.327650     0.356338     0.394098     0.440249     0.492666     0.547903     0.601950     0.651256     0.693423     0.727301     0.752653     0.769722     0.778892     0.780479     0.774633     0.761329     0.740404     0.711684     0.675200     0.631494     0.581964     0.529038     0.475984     0.426267     0.382763     0.347256     0.320424     0.302199     0.292220     0.290195     0.296114     0.310289     0.333230     0.365340     0.406454     0.455352     0.509533     0.565527     0.619707     0.669151     0.712104     0.747929     0.776767     0.799182     0.815891     0.827618     0.835030     0.838723     0.839228     0.837034     0.832609     0.826421     
0.828082     0.824250     0.820163     0.816227     0.812805     0.810193     0.808591     0.808082     0.808624     0.810045     0.812062     0.814297     0.816305     0.817605     0.817705     0.816123     0.812413     0.806178     0.797093     0.784933     0.769609     0.751212     0.730063     0.706747     0.682108     0.657198     0.633176     0.611177     0.592194     0.577004     0.566141     0.559925     0.558494     0.561845     0.569853     0.582263     0.598667     0.618479     0.640922     0.665059     0.689851     0.714261     0.737344     0.758332     0.776662     0.791971     0.804065     0.812865     0.818367     0.820594     0.819574     0.815312     0.807780     0.796909     0.782589     0.764682     0.743035     0.717527     0.688119     0.654939     0.618371     0.579130     0.538296     0.497244     0.457491     0.420468     0.387318     0.358783     0.335205     0.316632     0.302970     0.294132     0.290175     0.291391     0.298357     0.311911     0.333036     0.362598     0.400911     0.447234     0.499425     0.554105     0.607403     0.655934     0.697431     0.730813     0.755869     0.772838     0.782094     0.783940     0.778522     0.765808     0.745623     0.717768     0.682211     0.639393     0.590562     0.537991     0.484843     0.434585     0.390209     0.353670     0.325815     0.306695     0.296017     0.293522     0.299209     0.313385     0.336540     0.369038     0.410642     0.460031     0.514600     0.570810     0.625023     0.674371     0.717181     0.752894     0.781716     0.804253     0.821251     0.833457     0.841555     0.846154     0.847791     0.846958     0.844110     0.839692     
0.808485     0.801756     0.795069     0.788925     0.783784     0.780026     0.777915     0.777566     0.778936     0.781822     0.785877     0.790645     0.795595     0.800161     0.803786     0.805945     0.806178     0.804097     0.799407     0.791919     0.781569     0.768444     0.752808     0.735122     0.716043     0.696398     0.677117     0.659157     0.643403     0.630606     0.621334     0.615966     0.614696     0.617548     0.624391     0.634937     0.648746     0.665225     0.683646     0.703186     0.722989     0.742227     0.760170     0.776223     0.789939     0.801017     0.809267     0.814584     0.816913     0.816221     0.812474     0.805624     0.795597     0.782289     0.765574     0.745316     0.721399     0.693773     0.662520     0.627931     0.590586     0.551390     0.511553     0.472470     0.435541     0.401960     0.372583     0.347874     0.327964     0.312778     0.302171     0.296067     0.294563     0.298002     0.306998     0.322396     0.345134     0.375968     0.415056     0.461500     0.513093     0.566553     0.618257     0.665117     0.705108     0.737286     0.761487     0.777946     0.787014     0.788972     0.783951     0.771912     0.752676     0.726020     0.691856     0.650508     0.603034     0.551475     0.498791     0.448377     0.403313     0.365763     0.336814     0.316713     0.305298     0.302378     0.307969     0.322352     0.345949     0.379002     0.421103     0.470746     0.525190     0.580869     0.634245     0.682614     0.724464     0.759352     0.787545     0.809675     0.826494     0.838746     0.847111     0.852190     0.854519     0.854578     0.852809     0.849630     
0.784465     0.774323     0.764543     0.755755     0.748547     0.743408     0.740679     0.740517     0.742879     0.747517     0.754007     0.761786     0.770200     0.778565     0.786220     0.792565     0.797093     0.799407     0.799224     0.796384     0.790850     0.782718     0.772226     0.759765     0.745867     0.731196     0.716504     0.702575     0.690165     0.679942     0.672441     0.668037     0.666941     0.669195     0.674679     0.683123     0.694115     0.707121     0.721510     0.736600     0.751699     0.766154     0.779390     0.790932     0.800412     0.807561     0.812188     0.814163     0.813390     0.809791     0.803287     0.793788     0.781190     0.765376     0.746223     0.723628     0.697542     0.668023     0.635307     0.599867     0.562469     0.524161     0.486200     0.449903     0.416468     0.386821     0.361533     0.340840     0.324726     0.313043     0.305645     0.302492     0.303736     0.309765     0.321215     0.338897     0.363644     0.396026     0.435958     0.482326     0.532856     0.584421     0.633750     0.678157     0.715932     0.746310     0.769186     0.784789     0.793435     0.795378     0.790732     0.779452     0.761360     0.736228     0.703922     0.664650     0.619263     0.569509     0.518054     0.468115     0.422797     0.384473     0.354518     0.333456     0.321322     0.318035     0.323641     0.338374     0.362528     0.396136     0.438529     0.487953     0.541532     0.595759     0.647312     0.693760     0.733815     0.767164     0.794126     0.815333     0.831518     0.843395     0.851621     0.856777     0.859381     0.859896     0.858749     0.856336     
0.755668     0.741565     0.728181     0.716313     0.706699     0.699954     0.696506     0.696556     0.700059     0.706723     0.716035     0.727304     0.739726     0.752459     0.764693     0.775713     0.784933     0.791919     0.796384     0.798187     0.797319     0.793896     0.788153     0.780443     0.771225     0.761052     0.750542     0.740341     0.731078     0.723323     0.717544     0.714084     0.713142     0.714770     0.718874     0.725224     0.733471     0.743167     0.753795     0.764805     0.775645     0.785797     0.794801     0.802264     0.807871     0.811374     0.812579     0.811335     0.807517     0.801012     0.791711     0.779501     0.764268     0.745899     0.724305     0.699448     0.671381     0.640308     0.606634     0.571017     0.534370     0.497811     0.462551     0.429746     0.400344     0.374995     0.354028     0.337505     0.325315     0.317290     0.313305     0.313372     0.317693     0.326688     0.340979     0.361293     0.388292     0.422286     0.462896     0.508786     0.557663     0.606650     0.652912     0.694226     0.729233     0.757354     0.778545     0.793021     0.801063     0.802891     0.798599     0.788146     0.771366     0.748036     0.718004     0.681381     0.638815     0.591737     0.542447     0.493873     0.449042     0.410476     0.379854     0.358026     0.345292     0.341726     0.347417     0.362527     0.387161     0.421068     0.463248     0.511683     0.563427     0.615142     0.663842     0.707445     0.744916     0.776066     0.801243     0.821052     0.836176     0.847284     0.854987     0.859835     0.862319     0.862884     0.861935     0.859854     
0.722007     0.703446     0.686033     0.670751     0.658499     0.650007     0.645779     0.646055     0.650791     0.659660     0.672071     0.687210     0.704109     0.721734     0.739085     0.755279     0.769609     0.781569     0.790850     0.797319     0.800996     0.802023     0.800651     0.797221     0.792156     0.785939     0.779096     0.772169     0.765684     0.760119     0.755872     0.753242     0.752408     0.753428     0.756234     0.760646     0.766385     0.773093     0.780358     0.787743     0.794809     0.801140     0.806359     0.810134     0.812187     0.812283     0.810228     0.805856     0.799023     0.789597     0.777452     0.762471     0.744552     0.723616     0.699641     0.672687     0.642946     0.610788     0.576797     0.541780     0.506735     0.472766     0.440953     0.412230     0.387283     0.366512     0.350054     0.337851     0.329747     0.325577     0.325258     0.328845     0.336577     0.348872     0.366287     0.389410     0.418665     0.454056     0.494906     0.539713     0.586263     0.632022     0.674651     0.712406     0.744264     0.769822     0.789082     0.802245     0.809550     0.811183     0.807226     0.797641     0.782288     0.760969     0.733533     0.700031     0.660938     0.617382     0.571263     0.525135     0.481817     0.443876     0.413237     0.391085     0.378020     0.374310     0.380094     0.395439     0.420215     0.453836     0.494962     0.541366     0.590145     0.638255     0.683131     0.723073     0.757287     0.785684     0.808605     0.826601     0.840285     0.850259     0.857081     0.861256     0.863244     0.863467     0.862317     0.860160     
0.683833     0.660510     0.638878     0.620105     0.605215     0.595012     0.590032     0.590530     0.596468     0.607518     0.623059     0.642197     0.663820     0.686692     0.709582     0.731384     0.751212     0.768444     0.782718     0.793896     0.802023     0.807277     0.809937     0.810359     0.808952     0.806164     0.802464     0.798323     0.794189     0.790469     0.787501     0.785544     0.784756     0.785198     0.786828     0.789511     0.793031     0.797110     0.801423     0.805625     0.809363     0.812297     0.814112     0.814522     0.813274     0.810146     0.804944     0.797497     0.787652     0.775269     0.760228     0.742429     0.721808     0.698357     0.672152     0.643390     0.612427     0.579804     0.546258     0.512694     0.480112     0.449515     0.421790     0.397626     0.377463     0.361495     0.349719     0.342005     0.338180     0.338102     0.341719     0.349119     0.360538     0.376349     0.396990     0.422845     0.454059     0.490329     0.530737     0.573722     0.617265     0.659253     0.697855     0.731770     0.760274     0.783105     0.800300     0.812037     0.818517     0.819896     0.816244     0.807535     0.793660     0.774463     0.749817     0.719749     0.684610     0.645270     0.603247     0.560676     0.520063     0.483874     0.454165     0.432392     0.419439     0.415773     0.421585     0.436831     0.461131     0.493573     0.532544     0.575733     0.620418     0.663949     0.704215     0.739875     0.770337     0.795565     0.815866     0.831712     0.843631     0.852145     0.857748     0.860900     0.862025     0.861524     0.859778     0.857147     
0.642091     0.614055     0.588413     0.566467     0.549287     0.537657     0.532072     0.532762     0.539708     0.552631     0.570964     0.593825     0.620031     0.648176     0.676778     0.704453     0.730063     0.752808     0.772226     0.788153     0.800651     0.809937     0.816335     0.820229     0.822040     0.822206     0.821168     0.819353     0.817159     0.814939     0.812990     0.811536     0.810722     0.810609     0.811176     0.812327     0.813897     0.815671     0.817393     0.818785     0.819562     0.819439     0.818148     0.815434     0.811066     0.804834     0.796549     0.786039     0.773156     0.757772     0.739792     0.719161     0.695889     0.670071     0.641920     0.611797     0.580226     0.547902     0.515664     0.484433     0.455132     0.428593     0.405483     0.386250     0.371126     0.360151     0.353228     0.350188     0.350855     0.355105     0.362902     0.374328     0.389576     0.408916     0.432615     0.460816     0.493384     0.529762     0.568898     0.609304     0.649261     0.687105     0.721477     0.751458     0.776559     0.796626     0.811716     0.821980     0.827584     0.828659     0.825268     0.817401     0.804987     0.787918     0.766110     0.739595     0.708652     0.673957     0.636704     0.598622     0.561838     0.528591     0.500910     0.480393     0.468126     0.464734     0.470444     0.485106     0.508121     0.538340     0.574009     0.612891     0.652567     0.690828     0.725986     0.757002     0.783423     0.805227     0.822660     0.836101     0.845983     0.852744     0.856813     0.858598     0.858492     0.856879     0.854132     0.850619     
0.598353     0.566121     0.537159     0.512799     0.494027     0.481488     0.475552     0.476386     0.483994     0.498206     0.518608     0.544457     0.574625     0.607620     0.641733     0.675263     0.706747     0.735122     0.759765     0.780443     0.797221     0.810359     0.820229     0.827260     0.831905     0.834612     0.835814     0.835919     0.835294     0.834261     0.833087     0.831972     0.831051     0.830387     0.829976     0.829749     0.829582     0.829306     0.828716     0.827585     0.825675     0.822744     0.818553     0.812877     0.805500     0.796223     0.784868     0.771275     0.755314     0.736892     0.715964     0.692557     0.666788     0.638895     0.609254     0.578393     0.546991     0.515844     0.485818     0.457768     0.432472     0.410557     0.392466     0.378444     0.368559     0.362743     0.360839     0.362653     0.368006     0.376767     0.388884     0.404389     0.423382     0.445985     0.472262     0.502117     0.535187     0.570762     0.607792     0.644978     0.680954     0.714487     0.744618     0.770729     0.792507     0.809872     0.822886     0.831677     0.836381     0.837106     0.833914     0.826816     0.815775     0.800736     0.781669     0.758630     0.731868     0.701926     0.669749     0.636715     0.604568     0.575235     0.550576     0.532170     0.521175     0.518288     0.523744     0.537311     0.558254     0.585318     0.616779     0.650611     0.684763     0.717450     0.747342     0.773622     0.795922     0.814201     0.828627     0.839485     0.847108     0.851854     0.854084     0.854157     0.852441     0.849304     0.845126     0.840293     
