0.999996548412676 0.999996325133242 0.999995822409478 0.999994958788702 0.999993596734085 0.999991522330841 0.999988413580008 0.999983792490779 0.999976953729507 0.999966859027268 0.999951981341257 0.999930075104175 0.999897837592488 0.999850409738999 0.999780639994794 0.999677998224194 0.999526972308592 0.999304699512287 0.998977464849533 0.998495520440528 0.997785414390902 0.996738622056599 0.995194682486048 0.992916162970404 0.989551465069928 0.984579547702501 0.977227825579273 0.966350627920781 0.950251321802690 0.926431679064869 0.891283467439627 0.839909620040858 0.766922228065523 0.670568012303456 0.561631169789886 0.465177784379689 0.401384832827249 0.373331056692132 0.375210897530888 0.400726918655989 0.444805299960771 0.502261446513317 0.566842448654645 0.631991471248159 0.692351407458955 0.744454264854208 0.786497152178156 0.817915252525496 0.839038124026093 0.850783869474508 
0.999996325133242 0.999996147274449 0.999995699666911 0.999994905740695 0.999993635388829 0.999991686202627 0.999988754030285 0.999984388488469 0.999977926827589 0.999968396345424 0.999954370884131 0.999933760140896 0.999903500563124 0.999859102010837 0.999793982996610 0.999698496011716 0.999558498631836 0.999353259110430 0.999052387384299 0.998611340013812 0.997964840907852 0.997017261274703 0.995628574662819 0.993593897618282 0.990613786028247 0.986251330209922 0.979870684439966 0.970550217434192 0.956963056922409 0.937222563885352 0.908715525080155 0.868044451967723 0.811517630420808 0.737309953002705 0.650369325512424 0.566011024984261 0.502670590331485 0.470153392168039 0.468428650426742 0.492680697671149 0.536149281909165 0.590763392863153 0.648270056855274 0.702117055610039 0.748415268700376 0.785463790360310 0.812797201592400 0.830528785719502 0.839060482670189 0.838980830344007 
0.999995822409478 0.999995699666911 0.999995321855530 0.999994617544428 0.999993464770203 0.999991673996167 0.999988961238172 0.999984907448462 0.999978898267748 0.999970035433803 0.999957007070887 0.999937898204898 0.999909914331504 0.999868978528813 0.999809144765566 0.999721744309584 0.999594145100333 0.999407950876006 0.999136391223253 0.998740546777676 0.998163904181044 0.997324529238285 0.996103869144594 0.994330834439716 0.991759373213820 0.988037284039427 0.982663685430360 0.974932818159415 0.963863874463809 0.948123422522064 0.925967138120576 0.895283132877498 0.853956859160836 0.801017831131928 0.738985610479201 0.676138792734187 0.624736200976672 0.594830143666708 0.589981015827811 0.607612311280355 0.641239945821225 0.682826597188154 0.725071489566822 0.762904857704677 0.793591750123743 0.815962846036738 0.829615807037673 0.834448740541612 0.830476715409309 0.817798578332855 
0.999994958788702 0.999994905740695 0.999994617544428 0.999994027725786 0.999993022628157 0.999991426233442 0.999988976060035 0.999985286710040 0.999979795915409 0.999971685507218 0.999959766277128 0.999942310757459 0.999916810873698 0.999879627321463 0.999825483140008 0.999746733581353 0.999632315691410 0.999466240975362 0.999225439239164 0.998876686569973 0.998372250569983 0.997643757680844 0.996593631475112 0.995083279621599 0.992917060012188 0.989821029669414 0.985415787968597 0.979183823529082 0.970434606637984 0.958277187479675 0.941624242843473 0.919280802141143 0.890224172611561 0.854241978257767 0.813013207096941 0.771120418128670 0.735553506299777 0.713018562967159 0.706929906682673 0.716313223883309 0.736797676361346 0.762632613007186 0.788578936102391 0.810876531205617 0.827227035931489 0.836305724362076 0.837288861307264 0.829578082216349 0.812700051262589 0.786320786079965 
0.999993596734085 0.999993635388829 0.999993464770203 0.999993022628157 0.999992203103939 0.999990843502820 0.999988703080179 0.999985430890747 0.999980518285802 0.999973229607192 0.999962501762963 0.999946799325552 0.999923906090081 0.999890626017081 0.999842355292495 0.999772471733152 0.999671466515283 0.999525714492152 0.999315741336685 0.999013796780163 0.998580482852213 0.997960116806732 0.997074439631598 0.995814235708407 0.994028457032965 0.991510645725792 0.987983009830930 0.983079771581071 0.976333967422049 0.967176698271274 0.954966278735914 0.939078034307293 0.919101513255171 0.895193487770707 0.868565268090569 0.841854449337442 0.818851741716077 0.803288546463204 0.797282714058605 0.800489610770587 0.810417260629266 0.823512824814367 0.836268641858609 0.845826711047509 0.850047019270912 0.847306700952172 0.836290966049664 0.815904910463550 0.785332734612234 0.744223357179149 
0.999991522330841 0.999991686202627 0.999991673996167 0.999991426233442 0.999990843502820 0.999989775242556 0.999988001460402 0.999985204893388 0.999980929893836 0.999974522659582 0.999965045111713 0.999951151502677 0.999930912369741 0.999901564290364 0.999859155486138 0.999798045980987 0.999710205979523 0.999584236641760 0.999404012994810 0.999146819605942 0.998780817830527 0.998261654444003 0.997528007416122 0.996495889677652 0.995051640880659 0.993043809451348 0.990274694294733 0.986493382142517 0.981393968768712 0.974625609675649 0.965825235008449 0.954688412008384 0.941095438222105 0.925298385643901 0.908131344329001 0.891118032472557 0.876277704901472 0.865539257072576 0.859995153146236 0.859431907619559 0.862394667697002 0.866663133575436 0.869793946723443 0.869459100194964 0.863534776205139 0.850059535368660 0.827223998956289 0.793538007610607 0.748270461830467 0.692082535482456 
0.999988413580008 0.999988754030285 0.999988961238172 0.999988976060035 0.999988703080179 0.999988001460402 0.999986669596615 0.999984421500634 0.999980851838026 0.999975385220749 0.999967203531124 0.999955142557462 0.999937545821194 0.999912058888866 0.999875341361872 0.999822665771507 0.999747362468076 0.999640057146511 0.999487633202596 0.999271835881230 0.998967422129465 0.998539755302181 0.997941758859016 0.997110198121074 0.995961387639903 0.994386676337641 0.992248519281746 0.989378699813597 0.985581408901716 0.980645421276561 0.974371240471854 0.966619817747257 0.957386883244754 0.946896658576917 0.935685810107313 0.924616046238615 0.914740206203969 0.907002046023294 0.901871213504257 0.899092374478234 0.897664451131219 0.896012795822295 0.892211999721912 0.884134138323617 0.869495575145386 0.845880941094080 0.810919628987148 0.762892789399223 0.701994931568777 0.631719630785259 
0.999983792490779 0.999984388488469 0.999984907448462 0.999985286710040 0.999985430890747 0.999985204893388 0.999984421500634 0.999982821835709 0.999980046192660 0.999975591707786 0.999968751949703 0.999958531624311 0.999943527076385 0.999921759959133 0.999890447171930 0.999845684803583 0.999782017337116 0.999691855982216 0.999564702378666 0.999386127586304 0.999136454232706 0.998789097316819 0.998308545561884 0.997648024893638 0.996747000261136 0.995528871319833 0.993899536560119 0.991747968682922 0.988950555131103 0.985381605735760 0.980932791081036 0.975543638954482 0.969242341170327 0.962189462507353 0.954706228898086 0.947257972961519 0.940364272035622 0.934434728165761 0.929576339816574 0.925445811785346 0.921194828919468 0.915494786153676 0.906581177498609 0.892262143590595 0.869890011818661 0.836399053024990 0.788715660237611 0.725159108254725 0.648231076855977 0.566625070548143 
0.999976953729507 0.999977926827589 0.999978898267748 0.999979795915409 0.999980518285802 0.999980929893836 0.999980851838027 0.999980046192660 0.999978192203780 0.999974851518604 0.999969418648598 0.999961051491604 0.999948574932887 0.999930348227995 0.999904083984140 0.999866603101841 0.999813506138862 0.999738737569656 0.999634016101999 0.999488103023633 0.999285884009681 0.999007252054160 0.998625806572615 0.998107435443281 0.997408934923394 0.996476960663068 0.995247802131308 0.993648729313690 0.991601935384878 0.989032279849278 0.985879886979639 0.982117770910596 0.977772511650634 0.972942222493465 0.967801157831993 0.962576876491485 0.957488770596662 0.952649719113739 0.947950867484228 0.942958373262215 0.936839001414130 0.928304839761841 0.915546118303316 0.896124108455950 0.866842148114305 0.823760192380669 0.762926195883749 0.683096809580522 0.590894196539590 0.502173958043700 
0.999966859027268 0.999968396345424 0.999970035433803 0.999971685507218 0.999973229607192 0.999974522659582 0.999975385220749 0.999975591707785 0.999974851518604 0.999972780921124 0.999968862869967 0.999962390941692 0.999952392321611 0.999937523199804 0.999915928047437 0.999885052116880 0.999841394324495 0.999780185813281 0.999694978649321 0.999577130464552 0.999415176306083 0.999194091330829 0.998894471277782 0.998491696964066 0.997955209965210 0.997248113353301 0.996327422457893 0.995145411182169 0.993652588078066 0.991802808150856 0.989560736998149 0.986911135699578 0.983868042037869 0.980479894140290 0.976824493801006 0.972986748001662 0.969014149634782 0.964850636125329 0.960256084775891 0.954720434577171 0.947374074827713 0.936881982015090 0.921296409738511 0.897844643982253 0.862677609827702 0.810824216908838 0.737321784529666 0.641794573280016 0.536553766574449 0.444930703198126 
0.999951981341257 0.999954370884131 0.999957007070887 0.999959766277128 0.999962501762963 0.999965045111714 0.999967203531124 0.999968751949703 0.999969418648598 0.999968862869967 0.999966642387838 0.999962168382922 0.999954644112579 0.999942982818611 0.999925699111451 0.999900766808991 0.999865435083911 0.999815994122114 0.999747481875094 0.999653325770041 0.999524918704929 0.999351139060092 0.999117842007477 0.998807376447318 0.998398220177570 0.997864874817100 0.997178215655784 0.996306533917201 0.995217507287282 0.993881233540772 0.992274182845332 0.990383380002756 0.988209271571852 0.985764647688919 0.983065998135862 0.980113371968807 0.976855756290467 0.973141073532254 0.968651611275588 0.962824476516773 0.954750609200062 0.943035453961726 0.925592976757348 0.899342637166885 0.859830511751714 0.801088259579616 0.717133773290751 0.608552366932782 0.493467054852340 0.401155314486501 
0.999930075104175 0.999933760140896 0.999937898204898 0.999942310757459 0.999946799325552 0.999951151502677 0.999955142557463 0.999958531624311 0.999961051491605 0.999962390941692 0.999962168382923 0.999959895124438 0.999954926083105 0.999946395010944 0.999933130554914 0.999913548717810 0.999885516753107 0.999846183469053 0.999791771744744 0.999717331357899 0.999616454775727 0.999480966332960 0.999300607225565 0.999062755709272 0.998752243546283 0.998351353636868 0.997840103327592 0.997196919871636 0.996399776302593 0.995427744376677 0.994262695758384 0.992890508448020 0.991300609812331 0.989482077736836 0.987413991134171 0.985047494825341 0.982277241577397 0.978900222523501 0.974559606632200 0.968668740295417 0.960304703770943 0.948051279680155 0.929758856892975 0.902181971727470 0.860502586147368 0.798076023031136 0.708075343315996 0.591378238983009 0.469705517764093 0.376058861336510 
0.999897837592488 0.999903500563124 0.999909914331504 0.999916810873698 0.999923906090081 0.999930912369741 0.999937545821194 0.999943527076385 0.999948574932887 0.999952392321611 0.999954644112579 0.999954926083105 0.999952723995993 0.999947361226746 0.999937932822915 0.999923223387860 0.999901605906111 0.999870918771264 0.999828319113987 0.999770112411887 0.999691561719927 0.999586685124258 0.999448057492460 0.999266642132293 0.999031688500307 0.998730740791979 0.998349803447703 0.997873693610589 0.997286562754929 0.996572470952027 0.995715727333084 0.994700455647224 0.993508509964795 0.992114489463805 0.990476250277868 0.988519047406540 0.986111224874180 0.983028948164166 0.978906272418988 0.973164036384942 0.964905738214978 0.952759814603751 0.934635516854685 0.907350159793097 0.866123075903930 0.804233650777494 0.714447740797891 0.596689671116535 0.472019635072319 0.374761832256159 
0.999850409738999 0.999859102010837 0.999868978528813 0.999879627321463 0.999890626017081 0.999901564290364 0.999912058888866 0.999921759959133 0.999930348227995 0.999937523199804 0.999942982818611 0.999946395010944 0.999947361226746 0.999945371629883 0.999939751070183 0.999929594520946 0.999913690421907 0.999890430475368 0.999857705070786 0.999812784847473 0.999752191126996 0.999671561168620 0.999565518335298 0.999427561797759 0.999249994071155 0.999023904949019 0.998739222920302 0.998384823248651 0.997948636389105 0.997417620433760 0.996777336399252 0.996010689487684 0.995095176238416 0.993997721336924 0.992665916905522 0.991014187367097 0.988903020190257 0.986108724840020 0.982279839814889 0.976873768723003 0.969062824123610 0.957591853043577 0.940559819446946 0.915089934735491 0.876880699066202 0.819857066136868 0.737136801999923 0.626942436452172 0.505145141741970 0.403574255018077 
0.999780639994794 0.999793982996610 0.999809144765566 0.999825483140008 0.999842355292495 0.999859155486138 0.999875341361872 0.999890447171930 0.999904083984140 0.999915928047437 0.999925699111451 0.999933130554914 0.999937932822915 0.999939751070183 0.999938117231197 0.999932396141997 0.999921724952183 0.999904944994374 0.999880525611134 0.999846480243671 0.999800276388038 0.999738742752210 0.999657978838370 0.999553273616159 0.999419039765896 0.999248766131237 0.999034980384225 0.998769192009316 0.998441746877050 0.998041462558657 0.997554822381026 0.996964382540794 0.996245890468737 0.995363426377641 0.994261661225612 0.992854050460041 0.991005386933225 0.988506481294387 0.985037602053583 0.980115387061761 0.973014873982354 0.962653772039432 0.947420417951193 0.924924084288303 0.891668856493574 0.842798522665186 0.772657522342984 0.678418544770501 0.568880423353997 0.468133178806873 
0.999677998224194 0.999698496011716 0.999721744309583 0.999746733581353 0.999772471733152 0.999798045980987 0.999822665771507 0.999845684803583 0.999866603101841 0.999885052116880 0.999900766808991 0.999913548717810 0.999923223387860 0.999929594520946 0.999932396141997 0.999931243110750 0.999925579626095 0.999914625027744 0.999897316224260 0.999872246447330 0.999837600673315 0.999791088797899 0.999729878172019 0.999650526822462 0.999548916608725 0.999420180187819 0.999258604769862 0.999057476325459 0.998808796603350 0.998502758231594 0.998126796811896 0.997663950705632 0.997090147454928 0.996369898046781 0.995449708678846 0.994248293055962 0.992642341366488 0.990446097954845 0.987382210564347 0.983040120916518 0.976816591964039 0.967830928439085 0.954805886616939 0.935907779084524 0.908559782894777 0.869330491983986 0.814297801613887 0.740981112404661 0.653123163846496 0.564890242690598 
0.999526972308592 0.999558498631836 0.999594145100333 0.999632315691410 0.999671466515283 0.999710205979523 0.999747362468077 0.999782017337116 0.999813506138862 0.999841394324495 0.999865435083911 0.999885516753107 0.999901605906111 0.999913690421907 0.999921724952183 0.999925579626095 0.999924991673834 0.999919518968768 0.999908494233473 0.999890978725669 0.999865714463462 0.999831074243237 0.999785008515072 0.999724987099658 0.999647930992964 0.999550124006704 0.999427084235772 0.999273359424254 0.999082186003344 0.998844916549276 0.998550072444636 0.998181815671898 0.997717553989747 0.997124294144862 0.996353231720402 0.995331900424188 0.993952975484072 0.992058504760309 0.989417899969715 0.985697465013105 0.980418676349221 0.972902229167306 0.962196061349955 0.946991025658751 0.925545571849966 0.895692182925977 0.855130507807249 0.802458143183912 0.739418443593041 0.673306331005102 
0.999304699512287 0.999353259110430 0.999407950876006 0.999466240975362 0.999525714492152 0.999584236641760 0.999640057146511 0.999691855982216 0.999738737569656 0.999780185813281 0.999815994122114 0.999846183469053 0.999870918771264 0.999890430475368 0.999904944994373 0.999914625027744 0.999919518968768 0.999919517533082 0.999914315279021 0.999903374629533 0.999885890111416 0.999860750534716 0.999826496418232 0.999781268701210 0.999722742089063 0.999648031488865 0.999553551897678 0.999434799598453 0.999286004215306 0.999099575651886 0.998865235802523 0.998568680906072 0.998189565133578 0.997698527529201 0.997052899484538 0.996190623505906 0.995021780553902 0.993416962216966 0.991191554217836 0.988084887796493 0.983733343541973 0.977637265773733 0.969123845800597 0.957313829320404 0.941112890367747 0.919276253977123 0.890647366913804 0.854736135253310 0.812746205494282 0.768624819125728 
0.998977464849533 0.999052387384299 0.999136391223253 0.999225439239164 0.999315741336685 0.999404012994810 0.999487633202596 0.999564702378665 0.999634016101999 0.999694978649321 0.999747481875094 0.999791771744744 0.999828319113987 0.999857705070786 0.999880525611134 0.999897316224260 0.999908494233473 0.999914315279021 0.999914839804196 0.999909905446083 0.999899101489468 0.999881741692607 0.999856831518285 0.999823024751642 0.999778562236485 0.999721181489144 0.999647979611667 0.999555202471655 0.999437919725020 0.999289527102412 0.999100993703751 0.998859742198149 0.998548013273360 0.998140521953431 0.997601162287329 0.996878459259644 0.995899407187358 0.994561286810272 0.992721055711289 0.990182040957648 0.986678096627459 0.981856440490391 0.975262624153975 0.966335474800330 0.954427791026299 0.938881507333356 0.919202561865914 0.895386019419634 0.868384641556085 0.840511244159032 
0.998495520440528 0.998611340013812 0.998740546777676 0.998876686569973 0.999013796780163 0.999146819605942 0.999271835881230 0.999386127586304 0.999488103023633 0.999577130464553 0.999653325770041 0.999717331357899 0.999770112411887 0.999812784847473 0.999846480243671 0.999872246447330 0.999890978725669 0.999903374629533 0.999909905446083 0.999910797628295 0.999906018366303 0.999895260107594 0.999877919016492 0.999853061802865 0.999819373752870 0.999775077831081 0.999717810010649 0.999644429100455 0.999550729833324 0.999431015454506 0.999277470202419 0.999079252791289 0.998821209467490 0.998482080125389 0.998032045074445 0.997429437362603 0.996616434921705 0.995513566875435 0.994012956192841 0.991970445719494 0.989197237271404 0.985452609613631 0.980440955890288 0.973819136775083 0.965224189944755 0.954336212152867 0.940993744331506 0.925370445150139 0.908184868444806 0.890837341804102 
0.997785414390902 0.997964840907852 0.998163904181044 0.998372250569983 0.998580482852213 0.998780817830527 0.998967422129465 0.999136454232706 0.999285884009681 0.999415176306083 0.999524918704929 0.999616454775727 0.999691561719927 0.999752191126996 0.999800276388039 0.999837600673315 0.999865714463462 0.999885890111416 0.999899101489468 0.999906018366303 0.999907006989811 0.999902129910073 0.999891139039310 0.999873456094458 0.999848133733185 0.999813788708346 0.999768495048910 0.999709620436362 0.999633582411288 0.999535492704410 0.999408647865916 0.999243812727692 0.999028230744512 0.998744283288357 0.998367711159776 0.997865310912722 0.997192035332508 0.996287478255968 0.995071837783027 0.993441675894355 0.991266197582416 0.988385453352903 0.984612923692098 0.979746404604145 0.973592766373638 0.966013165780660 0.956993557767175 0.946736937051501 0.935754072381088 0.924900738495799 
0.996738622056600 0.997017261274703 0.997324529238285 0.997643757680844 0.997960116806732 0.998261654444003 0.998539755302181 0.998789097316819 0.999007252054160 0.999194091330830 0.999351139060092 0.999480966332960 0.999586685124258 0.999671561168620 0.999738742752210 0.999791088797899 0.999831074243237 0.999860750534716 0.999881741692607 0.999895260107594 0.999902129910073 0.999902808792098 0.999897401265523 0.999885657396309 0.999866951033510 0.999840230446455 0.999803932087027 0.999755844899625 0.999692908228786 0.999610921017966 0.999504133891766 0.999364689363273 0.999181869723393 0.998941108767327 0.998622725164902 0.998200346674473 0.997639023280811 0.996893086141274 0.995903916888000 0.994597975116811 0.992885723875937 0.990662524414458 0.987813145747477 0.984222172420683 0.979793028972124 0.974477964138147 0.968319066413709 0.961494826283535 0.954357398030047 0.947435837615936 
0.995194682486048 0.995628574662819 0.996103869144594 0.996593631475112 0.997074439631598 0.997528007416122 0.997941758859016 0.998308545561884 0.998625806572615 0.998894471277782 0.999117842007477 0.999300607225565 0.999448057492460 0.999565518335299 0.999657978838369 0.999729878172019 0.999785008515072 0.999826496418232 0.999856831518285 0.999877919016492 0.999891139039310 0.999897401265523 0.999897186871704 0.999890571994800 0.999877227706423 0.999856391118354 0.999826800856690 0.999786587903384 0.999733109876395 0.999662713436770 0.999570406046107 0.999449415363889 0.999290613174017 0.999081782466650 0.998806713697775 0.998444133169801 0.997966498675825 0.997338753162523 0.996517216849161 0.995448934047573 0.994071982481859 0.992317497961092 0.990114433110212 0.987398260366792 0.984124745435987 0.980289213677239 0.975949955117889 0.971251241312877 0.966437296725970 0.961845626223652 
0.992916162970404 0.993593897618282 0.994330834439716 0.995083279621599 0.995814235708407 0.996495889677652 0.997110198121074 0.997648024893638 0.998107435443281 0.998491696964066 0.998807376447318 0.999062755709272 0.999266642132294 0.999427561797759 0.999553273616159 0.999650526822462 0.999724987099658 0.999781268701210 0.999823024751642 0.999853061802865 0.999873456094458 0.999885657396309 0.999890571994800 0.999888619756995 0.999879761746180 0.999863494993457 0.999838810107484 0.999804105728336 0.999757051687765 0.999694390458397 0.999611664508178 0.999502856188731 0.999359927779327 0.999172253781476 0.998925947698024 0.998603104410652 0.998181010978959 0.997631428207544 0.996920117790924 0.996006888555607 0.994846557574192 0.993391351592822 0.991595370106746 0.989421712951148 0.986852611550600 0.983902223469006 0.980630510089344 0.977154864657898 0.973654404494268 0.970361287539830 
0.989551465069928 0.990613786028247 0.991759373213820 0.992917060012188 0.994028457032965 0.995051640880659 0.995961387639903 0.996747000261136 0.997408934923394 0.997955209965210 0.998398220177570 0.998752243546283 0.999031688500307 0.999249994071155 0.999419039765896 0.999548916608725 0.999647930992964 0.999722742089063 0.999778562236485 0.999819373752870 0.999848133733185 0.999866951033510 0.999877227706423 0.999879761746180 0.999874810062187 0.999862110885413 0.999840863904286 0.999809664773516 0.999766388627796 0.999708015258880 0.999630387170075 0.999527891487093 0.999393058661074 0.999216076459456 0.998984228870924 0.998681288857224 0.998286924549121 0.997776223858724 0.997119505024495 0.996282659664022 0.995228362813952 0.993918560523929 0.992318668747832 0.990403819884985 0.988167183660356 0.985629775682907 0.982850222772501 0.979931827276548 0.977023410591299 0.974310573895031 
0.984579547702501 0.986251330209922 0.988037284039427 0.989821029669414 0.991510645725792 0.993043809451348 0.994386676337641 0.995528871319833 0.996476960663068 0.997248113353301 0.997864874817100 0.998351353636868 0.998730740791980 0.999023904949020 0.999248766131237 0.999420180187819 0.999550124006704 0.999648031488865 0.999721181489144 0.999775077831081 0.999813788708346 0.999840230446455 0.999856391118354 0.999863494993457 0.999862110885413 0.999852207340557 0.999833156113484 0.999803683105723 0.999761763360876 0.999704454246700 0.999627659111951 0.999525813160082 0.999391485004730 0.999214892761138 0.998983344537308 0.998680632412349 0.998286439598937 0.997775865826998 0.997119238509308 0.996282456298028 0.995228199541751 0.993918418240392 0.992318531273175 0.990403673283200 0.988167015929687 0.985629576846459 0.982849985356211 0.979931547068897 0.977023087447912 0.974310212241367 
0.977227825579273 0.979870684439966 0.982663685430360 0.985415787968597 0.987983009830930 0.990274694294733 0.992248519281746 0.993899536560118 0.995247802131308 0.996327422457893 0.997178215655784 0.997840103327592 0.998349803447703 0.998739222920302 0.999034980384225 0.999258604769862 0.999427084235772 0.999553551897678 0.999647979611667 0.999717810010649 0.999768495048910 0.999803932087027 0.999826800856690 0.999838810107484 0.999840863904286 0.999833156113484 0.999815198693569 0.999785785707076 0.999742890996402 0.999683493637412 0.999603322071447 0.999496505863638 0.999355124307050 0.999168645042690 0.998923255636897 0.998601109686980 0.998179540570458 0.997630345373166 0.996919313934961 0.996006276631860 0.994846066760122 0.993390923058195 0.991594953804337 0.989421265461851 0.986852095098267 0.983901606235444 0.980629767841315 0.977153983389134 0.973653383310219 0.970360140570538 
0.966350627920781 0.970550217434192 0.974932818159415 0.979183823529082 0.983079771581071 0.986493382142517 0.989378699813597 0.991747968682922 0.993648729313690 0.995145411182169 0.996306533917200 0.997196919871636 0.997873693610589 0.998384823248651 0.998769192009316 0.999057476325459 0.999273359424254 0.999434799598453 0.999555202471655 0.999644429100455 0.999709620436362 0.999755844899625 0.999786587903384 0.999804105728336 0.999809664773516 0.999803683105723 0.999785785707076 0.999754778641318 0.999708540984566 0.999643827134368 0.999555966392760 0.999438442068249 0.999282329675842 0.999075574646579 0.998802096726747 0.998440724745812 0.997963997357896 0.997336920805734 0.996515864344377 0.995447909726812 0.994071162700920 0.992316779538750 0.990113727499325 0.987397489650642 0.984123840445186 0.980288114619247 0.975948614948357 0.971249631472908 0.966435413767746 0.961843496627367 
0.950251321802690 0.956963056922409 0.963863874463809 0.970434606637984 0.976333967422048 0.981393968768712 0.985581408901716 0.988950555131103 0.991601935384878 0.993652588078066 0.995217507287282 0.996399776302593 0.997286562754929 0.997948636389105 0.998441746877050 0.998808796603350 0.999082186003344 0.999286004215306 0.999437919725020 0.999550729833324 0.999633582411288 0.999692908228786 0.999733109876395 0.999757051687765 0.999766388627796 0.999761763360876 0.999742890996402 0.999708540984566 0.999656415598526 0.999582914530594 0.999482765511289 0.999348491884241 0.999169680488428 0.998932008468150 0.998615988378651 0.998195401752485 0.997635419795102 0.996890468457001 0.995902002674471 0.994596537809158 0.992884578307166 0.990661515091129 0.987812137567297 0.984221044032923 0.979791669423618 0.974476273792794 0.968316963074300 0.961492256479146 0.954354351115814 0.947432357133835 
0.926431679064869 0.937222563885352 0.948123422522064 0.958277187479675 0.967176698271274 0.974625609675649 0.980645421276561 0.985381605735760 0.989032279849278 0.991802808150856 0.993881233540772 0.995427744376677 0.996572470952027 0.997417620433760 0.998041462558657 0.998502758231594 0.998844916549276 0.999099575651886 0.999289527102412 0.999431015454506 0.999535492704410 0.999610921017966 0.999662713436770 0.999694390458397 0.999708015258880 0.999704454246700 0.999683493637412 0.999643827134368 0.999582914530594 0.999496695888452 0.999379130698784 0.999221516045347 0.999011522678793 0.998731874134641 0.998358584028399 0.997858665230438 0.997187240898168 0.996284037926255 0.995069357108495 0.993439838240391 0.991264743524550 0.988384163486918 0.984611604497736 0.979744877692292 0.973590862339341 0.966010724845209 0.956990439918227 0.946733043285200 0.935749374117594 0.924895303941727 
0.891283467439627 0.908715525080154 0.925967138120576 0.941624242843473 0.954966278735914 0.965825235008449 0.974371240471854 0.980932791081036 0.985879886979638 0.989560736998149 0.992274182845332 0.994262695758384 0.995715727333084 0.996777336399252 0.997554822381026 0.998126796811896 0.998550072444636 0.998865235802523 0.999100993703751 0.999277470202418 0.999408647865916 0.999504133891766 0.999570406046107 0.999611664508178 0.999630387170075 0.999627659111951 0.999603322071447 0.999555966392760 0.999482765511289 0.999379130698784 0.999238140766259 0.999049677062538 0.998799168100745 0.998465820767643 0.998020187710782 0.997420896906177 0.996610358238269 0.995509281717382 0.994009929692557 0.991968250276316 0.989195521947411 0.985451075604056 0.980439335341517 0.973817175316867 0.965221634954320 0.954332811059362 0.940989259686573 0.925364693341541 0.908177780972773 0.890829026362951 
0.839909620040858 0.868044451967722 0.895283132877498 0.919280802141142 0.939078034307293 0.954688412008384 0.966619817747257 0.975543638954482 0.982117770910596 0.986911135699578 0.990383380002756 0.992890508448020 0.994700455647224 0.996010689487684 0.996964382540793 0.997663950705632 0.998181815671898 0.998568680906072 0.998859742198149 0.999079252791289 0.999243812727692 0.999364689363273 0.999449415363889 0.999502856188731 0.999527891487093 0.999525813160082 0.999496505863638 0.999438442068249 0.999348491884241 0.999221516045347 0.999049677062538 0.998821367084453 0.998519610092372 0.998119749576644 0.997586180042328 0.996867822050317 0.995891980366140 0.994556177476966 0.992717557112284 0.990179586746971 0.986676222023677 0.981854747898068 0.975260751731692 0.966333068012734 0.954424479968593 0.938876897459669 0.919196253227511 0.895377676102648 0.868374121682309 0.840498741895254 
0.766922228065522 0.811517630420807 0.853956859160836 0.890224172611561 0.919101513255171 0.941095438222105 0.957386883244754 0.969242341170327 0.977772511650634 0.983868042037869 0.988209271571852 0.991300609812331 0.993508509964795 0.995095176238416 0.996245890468737 0.997090147454928 0.997717553989747 0.998189565133578 0.998548013273360 0.998821209467490 0.999028230744512 0.999181869723393 0.999290613174017 0.999359927779327 0.999393058661074 0.999391485004730 0.999355124307049 0.999282329675842 0.999169680488428 0.999011522678793 0.998799168100745 0.998519610092372 0.998153551911062 0.997672473153762 0.997034372576676 0.996177718341152 0.995013002743648 0.993411137296273 0.991187754322052 0.988082371505730 0.983731504199434 0.977635584181087 0.969121844250912 0.957311025852376 0.941108756189915 0.919270186328091 0.890638709434338 0.854724307042349 0.812730990662496 0.768606692725446 
0.670568012303455 0.737309953002704 0.801017831131927 0.854241978257766 0.895193487770707 0.925298385643901 0.946896658576917 0.962189462507353 0.972942222493465 0.980479894140290 0.985764647688919 0.989482077736836 0.992114489463805 0.993997721336924 0.995363426377640 0.996369898046781 0.997124294144861 0.997698527529201 0.998140521953431 0.998482080125389 0.998744283288357 0.998941108767327 0.999081782466650 0.999172253781476 0.999216076459456 0.999214892761138 0.999168645042690 0.999075574646579 0.998932008468150 0.998731874134641 0.998465820767643 0.998119749576644 0.997672473153762 0.997092119665682 0.996330770518213 0.995316653499728 0.993942984934674 0.992052233288030 0.989414135701968 0.985695244039462 0.980417215558865 0.972900862675383 0.962194174939713 0.946987985689562 0.925540650465730 0.895684498455754 0.855119048064767 0.802442034739684 0.739397630300532 0.673282236660631 
0.561631169789885 0.650369325512424 0.738985610479201 0.813013207096940 0.868565268090569 0.908131344329001 0.935685810107313 0.954706228898087 0.967801157831993 0.976824493801006 0.983065998135862 0.987413991134171 0.990476250277868 0.992665916905522 0.994261661225612 0.995449708678846 0.996353231720402 0.997052899484538 0.997601162287329 0.998032045074445 0.998367711159776 0.998622725164902 0.998806713697775 0.998925947698024 0.998984228870923 0.998983344537308 0.998923255636897 0.998802096726747 0.998615988378651 0.998358584028399 0.998020187710782 0.997586180042328 0.997034372576676 0.996330770518213 0.995423051323874 0.994230839759649 0.992631532976925 0.990439925168782 0.987379092776945 0.983038809113417 0.976816083996082 0.967830386137142 0.954804545623867 0.935904844255185 0.908554309066259 0.869321281163657 0.814283460357900 0.740960664039100 0.653097536659824 0.564863040350539 
0.465177784379689 0.566011024984261 0.676138792734187 0.771120418128670 0.841854449337442 0.891118032472557 0.924616046238615 0.947257972961519 0.962576876491486 0.972986748001662 0.980113371968807 0.985047494825341 0.988519047406540 0.991014187367097 0.992854050460041 0.994248293055962 0.995331900424188 0.996190623505906 0.996878459259644 0.997429437362603 0.997865310912722 0.998200346674473 0.998444133169801 0.998603104410652 0.998681288857224 0.998680632412349 0.998601109686979 0.998440724745812 0.998195401752485 0.997858665230439 0.997420896906177 0.996867822050317 0.996177718341152 0.995316653499728 0.994230839759649 0.992834919752485 0.990994602438395 0.988501412764881 0.985036183571790 0.980115999803059 0.973016243363041 0.962654863404647 0.947420317688855 0.924921855861579 0.891663370786286 0.842788317801213 0.772640973672857 0.678395111248012 0.568853125798896 0.468107985841405 
0.401384832827249 0.502670590331485 0.624736200976672 0.735553506299777 0.818851741716077 0.876277704901472 0.914740206203969 0.940364272035622 0.957488770596662 0.969014149634782 0.976855756290467 0.982277241577397 0.986111224874180 0.988903020190256 0.991005386933225 0.992642341366488 0.993952975484072 0.995021780553902 0.995899407187358 0.996616434921705 0.997192035332508 0.997639023280811 0.997966498675825 0.998181010978959 0.998286924549121 0.998286439598937 0.998179540570458 0.997963997357896 0.997635419795102 0.997187240898168 0.996610358238269 0.995891980366140 0.995013002743648 0.993942984934674 0.992631532976925 0.990994602438395 0.988893854529719 0.986106519153112 0.982281877634513 0.976877942949652 0.969067518418280 0.957595815032826 0.940562009501811 0.915089339597228 0.876876114664223 0.819846940649389 0.737119585005376 0.626918522816888 0.505119695567844 0.403553922180822 
0.373331056692132 0.470153392168039 0.594830143666708 0.713018562967159 0.803288546463204 0.865539257072576 0.907002046023294 0.934434728165761 0.952649719113739 0.964850636125329 0.973141073532254 0.978900222523501 0.983028948164166 0.986108724840020 0.988506481294387 0.990446097954845 0.992058504760308 0.993416962216966 0.994561286810272 0.995513566875435 0.996287478255968 0.996893086141274 0.997338753162523 0.997631428207544 0.997776223858724 0.997775865826998 0.997630345373166 0.997336920805734 0.996890468457001 0.996284037926255 0.995509281717382 0.994556177476966 0.993411137296273 0.992052233288030 0.990439925168782 0.988501412764881 0.986106519153112 0.983032582804631 0.978914637725879 0.973174365203335 0.964915979067490 0.952768481182916 0.934641497552383 0.907352483636521 0.866120652271597 0.804225107147842 0.714431903175167 0.596667827964027 0.471997910088570 0.374746195460581 
0.375210897530889 0.468428650426743 0.589981015827812 0.706929906682673 0.797282714058605 0.859995153146236 0.901871213504257 0.929576339816574 0.947950867484228 0.960256084775891 0.968651611275588 0.974559606632200 0.978906272418988 0.982279839814889 0.985037602053583 0.987382210564347 0.989417899969715 0.991191554217836 0.992721055711289 0.994012956192841 0.995071837783027 0.995903916888000 0.996517216849161 0.996920117790924 0.997119505024495 0.997119238509308 0.996919313934961 0.996515864344377 0.995902002674471 0.995069357108495 0.994009929692558 0.992717557112284 0.991187754322052 0.989414135701968 0.987379092776945 0.985036183571790 0.982281877634513 0.978914637725879 0.974578927541424 0.968689282184630 0.960323851847231 0.948067309557669 0.929770685104989 0.902188853639771 0.860503802777115 0.798070696686562 0.708062894151142 0.591360412379258 0.469688114599695 0.376046932690810 
0.400726918655990 0.492680697671150 0.607612311280355 0.716313223883310 0.800489610770587 0.859431907619559 0.899092374478234 0.925445811785346 0.942958373262215 0.954720434577171 0.962824476516773 0.968668740295417 0.973164036384942 0.976873768723003 0.980115387061761 0.983040120916518 0.985697465013104 0.988084887796492 0.990182040957647 0.991970445719494 0.993441675894354 0.994597975116811 0.995448934047573 0.996006888555607 0.996282659664022 0.996282456298028 0.996006276631860 0.995447909726812 0.994596537809158 0.993439838240391 0.991968250276316 0.990179586746971 0.988082371505730 0.985695244039462 0.983038809113418 0.980115999803059 0.976877942949652 0.973174365203335 0.968689282184630 0.962861527737659 0.954783689601603 0.943062632795176 0.925613383228633 0.899356033076945 0.859836882537355 0.801087565565339 0.717126239215554 0.608539906523825 0.493454455285255 0.401146785384954 
0.444805299960771 0.536149281909166 0.641239945821225 0.736797676361346 0.810417260629266 0.862394667697002 0.897664451131219 0.921194828919468 0.936839001414130 0.947374074827713 0.954750609200062 0.960304703770943 0.964905738214978 0.969062824123610 0.973014873982354 0.976816591964039 0.980418676349221 0.983733343541973 0.986678096627458 0.989197237271403 0.991266197582416 0.992885723875937 0.994071982481859 0.994846557574192 0.995228362813952 0.995228199541751 0.994846066760122 0.994071162700920 0.992884578307165 0.991264743524550 0.989195521947411 0.986676222023677 0.983731504199434 0.980417215558865 0.976816083996082 0.973016243363041 0.969067518418280 0.964915979067490 0.960323851847231 0.954783689601603 0.947428513344111 0.936925600227862 0.921328910113130 0.897866752793160 0.862690475215237 0.810829035065858 0.737319873892178 0.641788160341679 0.536546660668913 0.444926286140378 
0.502261446513317 0.590763392863154 0.682826597188154 0.762632613007186 0.823512824814367 0.866663133575436 0.896012795822295 0.915494786153676 0.928304839761841 0.936881982015089 0.943035453961726 0.948051279680155 0.952759814603751 0.957591853043577 0.962653772039432 0.967830928439085 0.972902229167306 0.977637265773733 0.981856440490391 0.985452609613631 0.988385453352903 0.990662524414458 0.992317497961092 0.993391351592822 0.993918560523929 0.993918418240392 0.993390923058195 0.992316779538750 0.990661515091129 0.988384163486918 0.985451075604056 0.981854747898068 0.977635584181087 0.972900862675383 0.967830386137142 0.962654863404647 0.957595815032826 0.952768481182916 0.948067309557669 0.943062632795176 0.936925600227862 0.928372096534906 0.915595042869377 0.896157199729779 0.866862422325006 0.823770606636386 0.762929542242050 0.683096075151328 0.590892840744941 0.502174779744594 
0.566842448654645 0.648270056855274 0.725071489566823 0.788578936102391 0.836268641858609 0.869793946723443 0.892211999721911 0.906581177498609 0.915546118303316 0.921296409738511 0.925592976757348 0.929758856892974 0.934635516854685 0.940559819446946 0.947420417951193 0.954805886616939 0.962196061349955 0.969123845800597 0.975262624153975 0.980440955890288 0.984612923692098 0.987813145747477 0.990114433110211 0.991595370106746 0.992318668747832 0.992318531273175 0.991594953804337 0.990113727499325 0.987812137567297 0.984611604497736 0.980439335341517 0.975260751731692 0.969121844250912 0.962194174939713 0.954804545623867 0.947420317688855 0.940562009501811 0.934641497552384 0.929770685104989 0.925613383228633 0.921328910113130 0.915595042869377 0.906651428240358 0.892308128206706 0.869917768605071 0.836414063974030 0.788722659124429 0.725162320377387 0.648234398353504 0.566631397288584 
0.631991471248159 0.702117055610039 0.762904857704677 0.810876531205617 0.845826711047509 0.869459100194964 0.884134138323617 0.892262143590594 0.896124108455950 0.897844643982253 0.899342637166884 0.902181971727470 0.907350159793096 0.915089934735491 0.924924084288303 0.935907779084524 0.946991025658751 0.957313829320404 0.966335474800330 0.973819136775083 0.979746404604145 0.984222172420683 0.987398260366792 0.989421712951148 0.990403819884985 0.990403673283200 0.989421265461851 0.987397489650642 0.984221044032923 0.979744877692292 0.973817175316867 0.966333068012734 0.957311025852376 0.946987985689562 0.935904844255185 0.924921855861579 0.915089339597228 0.907352483636521 0.902188853639771 0.899356033076945 0.897866752793160 0.896157199729779 0.892308128206706 0.884193588449160 0.869529265293026 0.845897984638669 0.810927259791331 0.762896814188624 0.702000174740186 0.631729761470729 
